10000
8973 6202
4625 5469
2038 5916
3405 5533
7004 2469
9853 4992
361 9819
3294 7195
4036 9404
8767 5404
1711 3214
3100 3751
2139 5437
4993 1759
9572 6270
3789 9623
2472 9493
6170 5589
5408 9576
2200 2411
3123 2052
8482 3484
2949 2855
1758 6985
3337 524
3468 5048
4818 6568
8800 6957
3083 4871
8716 3733
1140 2504
3356 3612
3076 604
279 8484
1258 2479
1974 5461
5610 455
8945 8560
4389 1781
6623 7727
3385 1169
2774 8203
7737 2652
6238 820
7523 4953
4553 8664
8536 8988
3354 1611
671 3634
1174 1929
7192 4227
7390 2802
5761 7414
2440 150
273 141
7877 4737
1311 1729
4018 126
4382 255
2025 1904
6287 7658
1646 4823
6645 5001
7513 8395
9714 9766
1403 7984
3992 9872
1864 9754
8364 4304
982 8638
5525 8859
4453 6836
1666 8472
6962 6048
8727 8988
9032 5014
7724 1756
915 5447
7836 9507
3842 7549
9273 5245
6612 4343
5116 8476
4096 4559
2780 6157
3196 9384
6094 7649
6219 7761
7199 4259
3808 5926
4325 3918
2018 2048
5675 4012
7496 3510
3518 1337
2138 2790
7661 8750
8213 3855
7225 2308
8414 1083
8466 2688
466 4559
1416 7764
3398 8615
2023 8286
5619 7427
2203 8716
9476 8957
2727 8050
3546 6246
465 5684
114 8126
5512 8327
3059 3815
1714 2552
4899 1258
6319 6444
6896 8814
5287 294
7429 8389
8580 4126
5815 1861
2842 6369
818 6648
4418 4364
2893 4883
1126 4087
4087 6638
2413 8226
452 5206
777 6430
6464 8175
3953 4439
6989 9240
4733 5496
8707 4391
9622 4521
6252 3542
890 8149
190 6387
2512 4162
1270 4717
8249 6436
1354 662
4661 2886
6947 6517
394 3411
4692 4347
7850 2759
4665 3661
8255 3371
8052 7876
8972 5382
2497 940
3531 2687
7327 7122
6849 9676
2918 5098
6112 5351
6839 1851
8237 3785
9448 9711
8275 5218
5136 7203
7977 9802
863 6231
4251 9994
5185 4301
6455 7682
5241 1064
1447 3647
9265 8297
3322 2182
4473 512
7534 1311
2364 6849
6175 1811
6559 5529
7029 1695
2731 6084
2575 4674
2314 7905
5746 8578
2206 2200
6260 8526
3264 8786
2172 3608
7082 5495
5790 2633
6007 3323
5023 9450
172 1198
2339 7810
6727 446
583 536
6530 3158
5210 9923
2142 2035
8501 4348
4235 5839
3952 8579
4624 6125
2186 2785
2698 7976
5418 9784
2378 441
9234 3629
2718 1572
2517 523
2019 3101
1059 9628
6259 7349
9551 8401
9384 8051
3827 4697
4968 7780
3275 9592
4983 6540
3455 7681
5595 8874
7464 7973
393 7776
2680 3111
427 5197
3634 3525
8298 5772
3152 5636
3120 2702
5115 2503
1831 8943
7201 6799
7801 1554
7470 3862
8095 924
1542 3689
876 84
2740 1269
7861 5420
5459 9367
1695 9093
2891 9994
4865 6043
6708 9064
9825 1822
1567 1655
1843 9847
9534 9644
1400 8082
3505 573
84 6126
4262 961
6211 8081
3309 5150
3500 8769
4516 5196
8940 7407
6268 3804
4528 2975
2868 4352
4797 5514
7087 6641
5360 7699
7363 7839
5780 1947
8413 5864
9152 3753
7904 6441
1834 1213
1590 6413
1060 7185
2687 10000
5670 33
4883 1277
3008 8830
5629 8885
5422 3794
6604 1860
1492 5045
9699 8351
8071 9190
5294 7223
4022 3197
3663 5856
5489 6333
3347 6549
4596 7114
7628 266
7147 3589
1543 155
2418 8251
118 7840
2045 6722
9700 4616
2845 476
4046 916
9667 9340
8139 3688
3615 2880
622 9105
9213 5048
6732 3809
2161 5438
5154 9309
9027 7776
542 2523
6026 660
1441 9150
8461 2219
4845 2384
2696 8891
3300 3441
9309 2517
8208 2923
6477 9909
3106 5689
4956 9839
576 7118
6355 6809
7505 5382
4584 8047
8984 1689
9786 425
838 9325
2644 6762
1708 6419
5652 6088
9860 4960
9684 9146
8963 6160
9054 2068
2928 5089
1906 4583
3285 9341
1392 789
4722 7055
9915 4784
8744 778
5209 661
1181 7854
7423 3968
5351 4154
55 5211
192 9740
5435 9155
6978 4489
1223 9906
9578 4208
4489 3941
3548 5881
4730 9349
2935 5723
4133 2758
6501 420
3419 8761
9353 1920
2728 4704
6074 3863
9915 6267
4681 5349
6500 1658
916 8802
1564 1572
3010 6053
5513 7637
3012 1321
8065 7026
7044 3276
9784 4623
3696 4281
3383 3049
6202 6112
7753 3354
9975 8746
699 4655
5173 7200
7392 6090
6001 8956
8741 89
6087 4254
8806 177
6654 6870
7204 3698
145 8066
8321 3841
3426 2783
7969 706
9974 5721
4060 9948
4466 4760
5681 718
3038 3072
6808 117
3107 6627
207 9194
1959 9013
9372 8614
6961 7654
2311 8185
6798 1710
2025 223
5572 9995
929 5545
6794 6069
5492 2339
828 2251
3057 3866
5324 943
3983 8431
7570 5269
8703 9530
5360 9153
8143 3399
7885 1532
1583 4683
4321 3609
5985 9894
4682 7994
5438 1475
4062 2009
4893 5969
4260 7950
913 662
8893 5975
171 6463
2323 8875
7071 7683
8027 5213
1082 5912
7824 3744
1673 2144
7353 8737
2037 3113
6730 7476
5668 1870
9485 560
7839 4823
8511 9831
5486 8482
5806 5657
4944 8129
4531 2014
6890 3637
8306 9051
627 6129
2795 3379
8274 1226
2115 1389
5419 8846
8865 1086
1794 9428
2725 712
4251 2314
542 815
796 7427
6472 5740
6634 2082
8834 3524
6798 8218
3653 7425
4347 7527
803 3699
8754 2918
5088 5251
2842 5032
6337 4637
5538 140
5349 867
2455 6970
1682 3251
4397 9234
69 1030
1315 9982
5633 8113
8200 365
6616 3625
7892 8498
7324 7724
1415 3490
2974 5337
9601 389
1052 5139
530 7480
6006 2985
4449 8768
6236 9925
8001 7384
2034 9316
7366 7667
8507 5565
9111 6201
9190 7003
4698 7592
5805 6113
2160 8780
2528 1761
9169 3580
7979 777
1059 5063
3762 6588
3830 1076
6512 1830
8461 8546
2224 6905
7292 1809
2469 6402
8010 2737
4483 2707
1407 288
9900 4646
146 2427
6407 9315
7087 5464
1171 9225
527 4933
5812 4357
7089 3403
7267 6628
1948 9491
3532 9240
2379 6001
6721 388
9817 1203
3096 1223
1491 4074
6948 2716
6501 3355
3110 4666
9898 4281
3891 424
292 781
5861 7381
4184 3127
4008 7212
3696 7540
7530 6075
4619 4250
7543 4435
5454 1717
6737 8024
5791 3685
740 3370
8119 3850
8037 9095
9210 3006
9520 9502
3787 6459
6883 9051
9586 1969
6262 4360
9510 3791
1514 5207
9121 9057
721 4574
1852 8537
3676 7643
3300 5495
1012 2497
423 9049
1592 9633
3133 1111
213 6921
7570 7096
7050 8234
143 3311
3672 731
8181 5186
5939 7301
5321 6660
2953 7173
6275 7709
5894 9576
3203 6907
2072 4706
7034 3664
5417 167
5854 5630
8167 3423
3804 5216
2735 3948
9606 6408
4679 8865
2672 1696
6166 9073
9435 197
7324 5710
7906 3218
5285 2188
1203 8436
6894 8237
2100 3389
9483 7954
9020 7649
2456 3902
3943 5191
8929 4627
1598 3608
3492 5350
6383 736
4422 5818
933 1745
1527 8840
4963 7891
1027 6166
6326 9000
5482 9505
2388 4964
7459 2486
3692 993
6389 8714
6184 6396
3341 8862
3 7912
4211 7466
8648 9712
3283 659
1456 5889
9499 7499
4858 1604
4743 1183
603 1303
1767 4071
7347 304
6557 1038
1297 4024
9752 7481
420 4171
7421 1502
3161 2710
8968 1808
2421 3329
2468 4957
9218 3045
2455 4075
4650 8277
6338 6332
659 9184
402 8006
9488 8039
9044 784
2062 9874
9344 3561
5124 6765
6143 8285
9475 5110
1172 1896
9519 4719
7932 9815
7764 1465
4969 3492
9742 1306
9825 400
1568 226
8406 1055
8265 8528
1839 1406
9481 2261
4967 4604
9026 1109
2888 9580
7299 5139
2554 6817
9858 485
7710 7622
1950 2678
2192 2770
5063 2016
4250 6631
2243 2655
7686 1586
2262 603
2992 1742
2865 9039
6346 2969
1226 312
2548 9604
5452 6181
7499 6388
6666 5209
4009 9695
7887 7281
2465 2950
9297 6715
9581 2618
448 8346
4205 3789
8949 8276
5531 2892
8393 2955
5862 9620
3268 9489
9223 9799
5670 6722
6186 3414
1930 1274
4188 9817
8555 6653
3845 7851
4446 3426
1548 5973
1771 5753
9763 1798
5107 5293
5770 3500
8249 1631
3119 2595
2198 3420
2393 8947
141 9658
3440 3150
931 7628
4046 9486
5359 7891
8416 9805
1316 9964
5777 4166
6795 5539
7044 1901
832 2813
6480 159
5523 677
2754 7721
4098 6226
7747 5318
5883 1186
9548 7894
9893 3593
7379 5251
1483 6873
5055 3879
7915 1910
9124 5788
8529 6167
8769 439
8980 5248
598 4502
5926 4431
3302 1102
656 2127
6420 7618
4392 5967
5511 4284
638 3969
9535 2122
1920 5668
7080 9836
8657 6203
5623 7185
2370 4391
7624 2428
718 9301
6931 6644
3731 1311
7746 5466
3438 5244
3084 7830
2290 8595
2113 2928
3642 2726
6129 5563
9473 3208
5398 9208
490 2099
6393 2860
7570 5095
5288 8288
4396 3297
6010 8127
4608 4834
4672 8046
77 7756
6954 3446
7429 145
7454 2150
2871 3582
7713 3422
7870 4189
2630 8360
6288 101
1219 4936
6275 7586
3223 670
1962 311
9877 6570
5145 4548
5695 6302
3382 3727
9748 1889
3873 7201
4039 6744
1862 1751
1245 9732
7019 4954
9170 4386
6134 1467
9322 2408
9053 3624
3079 1014
3935 4034
8664 9081
9661 5437
5382 3042
9164 6208
6010 3036
3409 49
859 6350
2879 3183
7160 9899
8137 6329
4284 4270
7796 4684
7757 7927
8308 1914
8942 2243
5948 8684
1323 5608
5199 6705
9729 4362
2912 6818
8478 7400
7946 415
4828 824
3598 1987
1801 1734
8316 7164
7083 6111
1848 5918
4038 155
7833 4058
2398 3780
3820 4800
467 9019
2583 1274
4459 6575
9171 2936
3974 7116
3351 9882
9020 8028
1868 820
840 1263
9064 7923
8453 911
3841 3569
2145 2752
7627 5623
7611 2525
422 8078
2622 3006
431 7082
9581 9602
1096 4633
7797 5527
5593 6816
3554 7462
8715 4395
9804 7778
3396 8256
9768 8316
1825 1913
1067 530
8615 8679
4135 115
7835 6757
3121 9345
3838 3780
8947 4935
9493 6743
1540 6164
4637 5094
4704 3351
567 4507
1129 3964
2763 896
3358 5667
3888 4426
6197 2502
4183 331
2618 2017
8168 6818
1362 2005
1677 1387
8019 2248
9209 9559
8412 3845
5732 3116
7196 6299
8702 9404
1341 1464
1379 4700
8210 5267
204 5486
8849 4387
6896 2545
7483 5063
441 9924
7069 2118
2389 6166
5445 1597
6804 4936
6521 3614
9131 4796
991 7832
4199 2333
375 5578
8112 8585
1924 8316
4070 772
3781 966
3317 2342
6029 3758
2266 4176
6956 4655
1421 3479
7332 8225
8415 3852
2917 7545
9727 3908
5377 3926
7320 6831
582 5431
5415 2506
4825 9486
4357 9685
1530 7674
2027 7559
2511 4293
2814 545
26 4235
4024 7358
3538 3518
2289 6455
2141 2015
362 7518
7020 7683
5427 8682
4192 842
1187 9018
1406 5545
8702 2936
4297 1807
1573 7887
6100 4387
8432 7206
9701 3535
4563 3238
7053 7931
771 9194
1025 1134
7791 9124
9896 3217
7805 5166
5138 8993
5262 6544
5616 5043
9480 9913
6850 1053
8879 4029
6519 7310
1234 6220
1923 6876
9458 54
4807 229
9249 6911
2442 8118
6034 3416
2413 4918
8582 7552
4989 4923
4095 604
9966 4654
1595 6815
5707 1552
843 2225
8863 2077
8445 1864
8954 8982
1919 4839
289 2246
2828 2731
363 9941
7226 3855
4858 6886
1406 9847
1808 6581
1529 1773
1234 4204
8589 6941
5756 510
244 5697
2588 9769
7562 2620
8750 559
8538 9039
2805 1365
2848 3168
1305 1152
7023 7243
8038 9509
8168 9847
6089 776
1619 7323
6059 1286
5342 2893
1797 5586
8591 5464
6433 7231
8084 5182
8869 6621
5299 1673
9065 9226
5920 369
377 4021
8691 8416
3529 6859
9341 696
7635 959
8019 3693
2246 4439
6586 5122
25 6255
585 7537
4564 8669
2719 3432
6368 9097
5105 5432
9402 2103
6880 9779
6125 5571
9273 9654
3508 8613
350 1142
651 9448
5914 3976
3887 2499
9098 4991
9834 9683
2527 5476
9430 6325
8909 5797
5422 5092
2307 5902
7196 9187
5680 3320
5836 6032
4052 9344
5723 4402
1564 6374
4929 7478
349 8816
1056 9447
4885 1968
207 8491
7444 9637
4816 6352
5433 1316
2523 8819
7218 9719
9085 3976
4117 4920
1086 8169
5343 6810
3650 7986
4262 8579
5464 4612
8473 7599
5137 3357
9567 6424
1847 8089
6060 7742
4441 2572
9058 8043
1390 7354
7761 474
2409 1877
6474 3495
45 2895
304 3695
880 4567
3352 6344
257 1824
5021 6473
6260 5666
2896 9187
3755 35
6928 9275
2607 7065
7317 5076
5497 5077
5551 7906
8033 3103
1401 9157
5998 2784
2852 6878
8430 7283
4301 8687
9108 9322
6239 5367
6067 9135
4553 9822
248 2560
9096 2855
703 6412
7932 6200
2567 4561
4106 599
8743 6586
9756 4740
9370 3686
2696 7800
969 6997
7565 1155
7398 3803
6522 4543
4017 2154
4364 4265
5793 4538
8200 6496
949 7210
3774 4595
2849 7880
5194 1591
4465 6028
6331 4914
793 105
3792 1762
8182 1356
2917 6658
6239 517
1200 255
3750 5564
5599 621
101 4877
7117 2129
2086 891
6724 4935
9850 2996
7605 5394
102 5014
1386 895
5120 5178
3736 3301
6534 7732
9959 2772
8250 1158
4106 3078
7801 784
3700 8981
5661 1895
1109 8827
3865 8912
4840 3715
1907 2445
187 2009
8538 1573
3984 3657
6751 7720
8037 4363
5452 9074
8215 4780
1310 2320
8937 9111
4183 2636
8091 923
5611 278
828 9476
9190 5668
4269 2175
9192 4456
4185 7730
7108 9248
2465 3858
6967 502
9301 3497
654 7515
9356 1965
913 8293
2154 5097
2007 1324
6020 7618
1602 6848
8173 1871
3594 2441
4046 2786
7977 9310
1594 6163
8557 5138
1100 6603
5640 400
99 7374
7915 9456
9339 8828
8827 2571
3924 833
3895 1022
9531 6577
8949 7703
8448 2543
1222 3572
6408 277
2882 9081
6441 2517
4218 7541
9120 937
7941 9220
8311 5855
9754 8728
5761 8580
1298 9686
491 5194
1786 21
2849 735
8803 2375
4357 25
5947 764
1381 9908
923 7822
2425 5141
6441 1544
6078 4381
1842 5467
1314 2674
4194 7076
2332 5493
7840 2824
1765 704
2845 5693
1439 1648
8068 6875
2752 5093
8718 4133
5001 9641
1955 8505
5861 9475
1127 1938
3856 4049
8485 6249
6723 2678
4403 9056
9250 3321
1879 2093
4026 5803
8865 6544
8530 6932
3419 1281
3104 3215
6494 8105
2856 9528
7688 8717
9002 8815
1733 2857
3942 217
185 665
3975 5667
799 4303
8989 3757
7476 4093
9560 6340
636 9169
3272 5134
449 7455
8350 6943
5559 2284
6470 4325
1000 5472
4218 3812
9408 8161
5109 671
8826 9084
6339 703
4465 6406
4460 1940
498 5098
8281 2213
4266 2631
8427 5795
85 7855
3816 6723
138 1365
2126 2217
6837 6344
7108 7323
4504 2216
9074 4408
2378 5412
5111 6844
1817 649
8784 3394
5748 8143
5607 1092
1852 4033
6887 3016
2966 703
817 3104
3147 2943
6400 1062
9288 3508
8385 3791
6803 8537
8200 9182
3948 4389
6025 6844
5039 5887
1316 1865
5109 6924
2957 6961
2035 923
9978 5002
2705 1873
9185 5852
4817 6664
6914 4104
1250 6377
8974 8053
4914 7173
7234 9941
2641 4337
7864 7680
224 9180
9545 5333
7182 3580
3372 296
5582 4428
6377 8287
6302 6640
4138 1118
3303 2130
6301 5632
8508 5274
3685 4500
2447 1997
4440 5088
6335 3382
3846 7638
2562 4469
2970 822
9128 7421
1118 4710
1849 7495
2996 9230
4135 8214
347 8517
1422 6648
4149 9930
1921 8913
5508 5447
909 1027
1613 7244
4409 6538
5960 8050
1006 8930
8873 1213
7430 9991
5923 357
8565 8919
9587 3778
8211 1012
2294 9634
7660 6443
641 659
6434 6150
7186 7344
7177 9878
5666 1585
7495 1626
9636 9580
1634 9587
792 9064
9577 6715
9421 9220
6713 85
2997 4923
1097 5292
4556 9836
2813 6277
495 9248
2426 8760
7670 9603
9716 3335
2266 7210
4961 2980
6790 7675
2566 7582
7817 3222
4297 7238
2441 2088
7323 5439
7011 9500
1809 2646
9335 5701
8923 908
6027 1348
9668 3696
2029 9384
8111 5374
7672 4150
8355 4461
1824 920
3122 9642
5221 7419
7958 7663
9507 6359
4180 7596
5858 7068
241 5193
3847 242
6101 9875
2669 6848
4649 4698
7310 2759
1151 4981
6910 9506
9443 8734
1504 3643
9454 6726
2140 7411
5467 2725
3770 725
320 706
8872 1641
5899 2718
1883 3079
2592 5632
9927 7242
1408 7236
1079 2559
2216 7989
2064 2737
7802 3569
6380 7255
1373 8520
5745 7919
1244 593
8644 2644
1299 8594
4285 7199
1311 7247
277 4983
2878 203
3303 4287
8518 4382
6846 733
2371 9990
4550 1251
4637 929
8506 6010
528 5329
3928 2851
5922 3650
5495 7222
2243 9780
5499 4633
8106 6855
9616 983
7058 2918
6349 6654
8380 3195
7387 750
3184 3015
3080 7821
5024 2664
4909 5552
7994 9916
8403 3915
4644 3898
2215 7966
4756 7714
2598 2861
4568 2214
4924 2704
6211 1272
9358 4590
4467 7824
6419 8730
838 9499
7629 6941
3242 3616
2492 1235
4610 1974
5150 9254
6951 8445
7219 1706
6158 896
5647 726
4189 570
3430 399
2921 3867
6069 8468
1690 3566
7197 3607
4144 5905
548 7386
9521 4119
8621 5210
6093 4849
4463 4122
3293 2761
6908 9452
3657 2554
1256 7846
4203 5765
9324 7124
710 6471
5591 3479
37 3867
7087 4181
9772 8714
1566 370
3911 1265
6659 1083
6114 1122
5205 486
4962 2112
1016 9698
5745 2272
7543 1026
9116 7945
8151 9827
4416 4820
3305 4453
8687 1470
9713 9537
1262 1278
986 5174
2543 7645
6257 9736
9846 1461
1300 4807
4653 2316
4504 1476
5667 3125
2503 5862
1070 653
5688 6565
5473 71
2096 5239
1542 1808
5854 2804
3086 6840
7978 6708
5564 5313
7522 5409
7854 8823
1295 2506
2217 6878
3982 8964
3 6485
4825 2152
8217 512
9796 4769
583 1891
1086 3204
3699 6940
6009 6785
4859 5065
4571 422
378 3171
6910 9311
3072 8205
1816 5290
5083 6877
4253 6165
4441 9078
8317 3736
668 8112
8505 1251
2 669
5535 4780
7610 1543
1564 3547
7687 7214
3969 9144
384 1957
8454 3457
162 1348
9826 6324
9305 5157
2488 3745
4234 1883
7481 4902
1073 7065
7232 1075
7734 2766
5855 6422
5388 8498
9969 4154
6790 5016
4376 8253
6974 2830
2788 8215
5257 2613
4538 4561
7770 8105
8306 3082
9988 6866
9063 1060
5009 7374
3214 3821
1218 147
243 7686
9724 1290
1839 7592
7386 6215
5844 5438
123 8633
4731 5381
2324 9269
9942 1173
8452 9327
4255 8439
6192 4397
577 1200
1770 4870
6100 2988
5017 6343
1752 5819
8713 3591
3410 7177
885 332
3693 2087
8965 8424
7468 2368
7692 8489
3541 6143
7815 8875
5660 5085
3271 7316
7364 6120
2185 3463
187 8281
885 1939
4099 9598
5531 8588
7853 7495
8920 1545
9582 8964
9969 8129
1331 8739
6617 4872
5960 4431
3746 2698
9516 8097
13 6879
4216 2198
341 4403
1557 2305
6343 6735
2981 2952
5322 833
446 5320
3457 1106
4283 3425
9235 6693
3242 5851
1564 9202
1360 6390
1899 1954
4486 2991
9912 9781
6268 253
4184 7825
3637 1605
5638 6619
4557 959
7452 6082
7359 909
7188 2720
5413 7502
9414 8656
3352 977
8936 5792
8446 835
7746 2931
4905 7658
2712 1173
8990 7975
76 2626
9580 5715
9245 5215
7753 7776
1296 5111
8685 9563
7832 5176
7064 7245
3831 1495
9301 2767
7287 7747
4681 5032
1756 9586
3768 5547
1837 2757
4600 1914
6463 4179
7629 5707
9394 5381
3482 1768
492 3245
1331 9403
8422 8395
7726 3331
9890 7026
6098 8255
5851 1857
4366 7608
2522 8134
4233 4359
1970 8834
6273 8433
4091 3901
4139 4564
361 8701
6332 1932
3024 7663
1334 1445
7137 9060
5856 8105
7164 3032
6360 3015
4890 725
1701 7412
9938 7013
2849 1907
5846 201
339 1016
5181 5558
5580 5542
5337 1911
7474 8361
653 9887
885 7790
8946 6741
6973 7189
9773 3332
1282 5741
5136 4062
4231 6153
1074 7081
8060 8000
7282 9479
9016 3541
6115 4595
9084 2530
6506 6557
1969 8238
7523 2854
6027 7547
673 3000
4735 1525
7411 6017
7266 3626
78 2576
9779 2232
9657 8917
231 8017
9474 325
1557 6667
4920 1719
9197 2504
9356 2245
742 6878
6178 7848
4424 6852
1926 238
9456 416
6255 6721
4042 7413
9297 4899
723 31
4894 954
9127 5447
2358 1763
3192 7278
4561 3468
860 3916
5713 2681
1872 1890
529 6297
9821 3534
6535 9276
3950 3868
7076 9071
2359 7451
3969 3082
8562 9943
5115 7688
6468 7473
529 9660
5829 6170
3127 6690
85 8840
9371 1958
730 978
9334 1629
4513 6947
905 8463
1893 7981
7534 4253
5431 2581
8414 3992
3602 3529
2759 69
2080 4367
9730 7910
536 3935
5678 1701
2775 6127
4738 4584
7106 4071
6213 2697
2096 8197
1159 3989
6177 9772
9321 1608
3432 7735
6679 7034
1263 9438
8183 4422
4884 8991
2331 5420
2925 8009
7121 6779
4136 1858
1362 2320
7008 8655
5017 9104
6851 7255
4172 3028
7027 3492
5715 1537
1226 3472
9650 3568
3989 7832
7991 8873
6822 1400
5371 826
488 2492
7605 5703
5429 46
8023 3516
8701 4118
2619 5551
1372 7870
9658 9478
1362 6451
1014 3667
1002 664
8315 4991
9575 6305
4942 7476
8784 312
8302 9272
3883 5906
4974 391
5952 4075
3907 5731
8193 7605
2361 644
5475 2018
121 6837
9549 2215
1582 550
3958 9897
6620 4611
7280 1561
2086 6064
1873 387
6414 6836
7373 1388
7227 4403
6542 1133
1213 5814
8738 3574
6458 4212
6671 7658
2127 7298
951 3710
7848 4909
4685 4467
599 1965
7107 2685
8029 8981
4152 4442
5816 2603
6909 3042
8085 3451
5254 9298
9265 3991
2871 6801
8204 621
4458 1409
7919 6489
5119 6846
2476 9805
2391 3075
2848 9499
5761 876
9558 991
6397 6452
3594 4385
572 1678
8915 5826
976 9258
9817 4926
6058 9099
5547 1594
508 3466
8083 6706
311 1638
7589 2702
4713 436
3279 473
1312 2836
1464 8789
9288 6137
4252 9860
7816 3166
5685 9871
2423 6581
4796 9560
5679 1422
2232 7266
4888 1394
3972 6278
3032 1560
58 7745
1997 3338
9298 4388
6174 1840
4255 6541
7978 8507
6400 6872
1672 3164
6742 5174
9745 1537
5812 6502
2959 9124
3768 8926
517 7740
6282 4628
378 6341
3451 2375
757 2748
7843 8010
5668 2097
4550 3645
604 2029
1595 3355
6272 8337
9609 6016
952 6499
3596 4991
5622 7364
3916 7218
6182 1277
2924 7640
8697 6376
14 9454
202 8936
8542 5870
1033 4171
593 2716
7279 2188
7150 3550
1603 6758
644 2556
4336 4240
7547 1036
2683 2541
8255 9944
4897 2257
7583 3593
8633 8677
4125 8836
7612 3746
5784 9724
7917 6378
2439 5195
9645 9590
8745 1248
7426 9389
4883 1761
4707 2429
2798 7390
6049 2131
8413 946
4388 5995
5618 3021
5750 822
2935 3362
4568 8719
4164 2484
6175 6604
8758 5820
6193 7502
8147 3618
7969 3029
5380 2675
6537 9257
1144 3664
1387 9557
5689 5775
6630 1307
9875 3459
3208 2809
7900 7776
2607 2063
259 8782
8667 95
5680 5938
7597 3826
9557 6644
7934 6015
397 4470
6350 1541
9214 7737
2176 4902
4590 9886
7288 4465
3344 495
8353 2322
9350 959
4385 687
820 3052
782 6500
8990 9458
1405 9625
6101 9339
6718 6499
4888 3067
9119 5180
1882 2374
81 6473
3338 8449
2016 7761
22 368
82 9373
2407 4467
59 3227
8598 842
805 8667
299 2210
9370 7480
2628 6088
3978 8595
233 4175
3774 2116
6549 3855
8589 965
3382 604
8726 3405
2051 8808
3856 5537
4354 3915
9843 2951
5836 648
2696 6136
3937 2066
4694 7644
9233 9751
6238 9466
3925 11
1581 1553
4946 169
2518 8328
1852 1244
2811 4983
51 6667
519 4405
582 1441
8436 7497
2089 1131
4711 7105
4276 9405
4749 3508
9155 2065
2974 3080
2077 4555
5712 7023
5804 8230
6429 8735
9474 9241
4796 604
5907 5316
6088 7568
6757 4523
5065 9925
6734 9776
8108 1009
9181 3935
4518 8335
6001 8571
2493 9157
3125 8205
6179 7
6435 2607
9822 6987
2926 4617
8670 8834
1011 4758
7480 7768
359 2544
8771 8172
3399 7958
260 2579
1892 4778
1992 8972
4427 5565
8128 8631
3769 4306
8639 1282
7993 9539
9349 918
4155 8018
830 5167
3854 8311
4013 5293
1933 3863
4543 5332
1820 4803
8990 4791
659 2061
3763 5086
7626 1890
3717 1394
7276 3434
3756 6347
2972 3104
8344 7127
2200 9175
3372 7134
8564 7386
2426 496
2327 6969
6908 4147
2851 5897
16 3510
7958 3779
8597 5583
6749 2313
8057 4024
5747 1812
1449 9798
5995 9793
6924 8195
45 1375
5328 8609
9840 8833
184 2166
6881 7092
7392 9732
4067 7408
4320 2025
1187 2916
8687 9015
6308 7822
4117 3133
712 5566
2930 6707
5358 933
5981 5404
2308 2387
5091 2147
2299 5275
4313 9180
2366 1704
9990 7513
190 4309
9538 2456
8305 9303
1470 4612
8204 5587
7746 8916
2231 1754
6702 8669
2687 3761
5151 4995
7227 241
8221 9526
6596 2533
9784 40
5316 9773
7553 6586
5161 8169
9042 3465
7472 512
9156 5675
7178 7980
5669 488
9735 2370
9157 3500
7210 4307
9575 4437
5627 7795
3962 2222
1407 4825
2263 7802
5676 9816
4387 836
7985 3429
5380 6535
5020 4536
3288 3276
2515 35
3764 2249
3485 3999
5750 694
9385 6403
5131 5012
4197 172
8313 5604
4997 1654
4485 1751
1470 8872
2588 533
3379 9047
8147 8399
3582 2513
2754 6098
2548 6518
9426 6033
1596 6254
6728 980
2656 2937
7071 7933
3109 5384
4615 9185
7038 9100
2015 9587
7972 5682
1198 2429
4728 9345
1907 8311
1857 4661
5487 5485
2257 5991
1517 3853
2245 9324
4834 5980
2261 1904
3912 6449
8367 8528
6713 5405
7627 8728
6070 6677
4409 7269
185 9137
6613 2092
8526 9550
6753 4012
5034 9010
1082 7630
3942 3327
6954 9855
9307 9215
2837 4298
5663 1204
2825 2375
7688 1530
2181 3757
9287 6590
2104 9472
6806 9797
2642 5331
9346 9395
422 5458
9483 1504
3087 4503
5910 40
4357 6295
333 7195
1671 5997
8399 4496
9451 7165
7106 2711
2000 7471
9301 4105
8021 7185
3901 662
3595 4325
1135 4017
9783 617
6600 3948
5121 3588
3989 556
961 4322
7751 2633
1397 7228
8208 1927
4392 5313
4638 7472
3862 5017
1576 1882
2202 5477
3623 5797
9802 4758
892 662
5376 8571
4610 1575
3237 9678
2131 4198
5079 961
6831 7555
9268 5039
9482 4739
1430 5198
2210 5293
1294 3786
8254 3496
341 1877
371 1221
7714 2342
1883 3089
1991 7572
5743 5228
7250 8954
9426 2328
993 7336
961 260
2374 1522
4999 4883
6720 8288
1254 8014
3152 9509
2588 3493
2464 4038
4714 177
6380 7676
4346 8371
5248 1167
4677 3576
1199 4103
6983 2192
1438 7944
3532 4891
9466 9610
9774 7265
7898 1028
6357 1049
1615 24
4543 5158
4062 335
6414 1521
9091 759
970 4338
3006 5648
8993 4205
829 5975
6398 3346
4997 9930
8237 4463
9539 9089
2806 8515
1195 9163
9565 3889
265 5186
125 4328
6600 6540
6928 5690
8378 7898
27 1383
3545 9020
5589 5453
6073 3065
8799 1070
4073 8114
6612 4690
8282 9418
3205 9477
9659 3848
4445 9925
9034 4570
5331 5633
2188 2258
2402 566
155 2429
3028 4780
2528 9696
232 9680
2760 9032
749 7912
7145 8440
2602 5426
8936 6886
5982 8595
1812 1505
9598 1924
7154 4928
7557 9343
7186 1037
987 8420
3467 4015
3199 7074
3711 3432
7832 7550
2463 9661
5462 686
8100 9143
7192 7036
7107 4252
6709 8919
6836 6306
842 3989
1233 9478
4410 9498
515 5397
7917 5061
9413 1116
3213 3123
5627 1044
672 9169
704 7213
9855 9884
6355 8125
6919 4540
3455 3627
3458 290
1011 4300
4280 2244
3778 8690
2820 5372
4087 736
432 4578
1852 3645
8780 7479
4689 530
7726 6473
7744 7581
6356 5177
6784 3274
9718 239
7980 3175
529 8991
8555 5888
2313 3411
4578 5133
8783 9744
6948 9215
5400 9880
3938 4179
8437 9706
4709 6163
6178 3531
3743 2533
8709 1605
6886 9505
1844 5944
2679 2374
6013 2312
9341 8326
5723 3918
4537 4505
4740 1485
4798 139
1364 8736
4318 879
8442 106
7042 4619
3637 1863
8232 2345
3469 6196
1849 5313
2140 5608
8766 8153
7920 8107
7558 4722
3103 2094
9227 8923
4658 5104
9062 7101
3839 4459
7981 3359
4565 5022
9058 8202
6886 7289
1626 354
3484 4554
6746 6703
1240 6591
4856 239
5776 2413
4961 8879
5586 5266
7801 1323
369 7942
8424 5288
2400 7483
8647 8044
2505 7704
7324 469
6071 8950
1902 634
4583 8648
7337 5823
6317 3271
7141 2092
6763 2101
971 2349
7368 9851
4751 8816
7792 3174
4103 1270
1736 3829
9314 5320
2611 6638
5789 9762
6666 7691
395 1248
7417 8811
8151 4813
2082 5291
6905 8845
7393 7876
2272 5839
8806 7023
4654 6597
1276 9837
8947 3012
3665 8260
8332 6276
4897 5199
6037 1563
3968 7511
3890 2463
6322 2040
7276 9483
8411 4181
9406 5803
3135 2757
2720 1940
9780 8453
9617 2134
8289 8563
5146 1953
7901 4556
9309 3877
9755 6424
6519 3722
3935 408
6186 1335
3528 3461
1896 1938
7642 1301
8820 1856
4058 1539
3796 4917
1070 4491
7051 9360
4132 3276
2391 2033
7832 2778
5910 7587
9203 2428
2387 4216
3915 9652
5551 8522
3113 8526
459 1833
9827 357
3689 4964
2975 8565
9881 4046
4134 8010
3405 8267
1285 6875
1378 196
9654 7288
8862 8856
794 1248
4150 5788
900 9701
4310 5092
9305 5848
8004 9131
6206 1693
5173 259
1336 6132
4305 5470
5221 8789
4815 6506
5664 6193
7781 6396
4559 6642
5251 6432
8970 9401
2220 948
179 7609
6040 9484
4535 4043
9693 1819
6815 5945
2079 9230
2076 7463
4700 8376
6252 9515
4882 2994
6787 3741
9390 1345
383 5719
7778 431
6198 1076
1379 7456
9764 8498
8018 4298
3619 8789
6118 434
4733 8197
742 7889
6738 5442
6264 2989
6036 2224
7062 2822
5966 7530
5246 7428
3248 3023
8938 524
5178 316
7980 4941
9893 5997
9240 3511
4786 6436
5024 9519
5711 5767
8486 2448
2287 4750
6517 9402
8053 3578
2223 4018
2187 8549
2524 5435
2650 1461
7039 7829
2856 5018
3848 2748
1015 4166
7339 6880
601 3441
7477 7391
9208 5963
9840 2574
1791 6356
1975 9844
1012 5278
4941 3199
3826 8544
9714 7555
5 6752
5383 2861
1769 9232
6689 3863
4476 4027
1821 5078
8547 9299
2468 8834
6340 3386
1407 8131
9742 4461
9053 1833
817 5072
5032 5722
3616 4745
3277 4700
2575 8660
8640 4345
8970 5328
9287 3446
433 1108
9603 8981
1485 3149
7814 7825
6536 299
7034 7356
4760 7165
267 5578
2237 5300
1299 6932
1123 4576
1631 3699
4315 1349
9123 4363
7757 9488
8888 8190
1674 8490
8249 3159
2718 7141
983 9254
8519 8017
7688 4358
6261 7956
1014 9577
4334 3392
6508 6536
7969 9218
1313 3362
566 1514
8804 8323
1002 7692
7592 2676
6181 6919
5836 9978
5139 7898
309 3657
6994 7998
9094 3254
7032 107
2830 1365
3500 9338
8980 2547
9634 293
5909 1278
1807 4712
9602 2809
2403 8272
6565 9664
6269 3479
719 1407
1376 1029
6144 8370
105 5237
2702 7137
5345 5532
9581 9924
5948 8560
2470 5581
8853 8379
7939 1739
4169 8619
5627 7652
6890 2191
8394 4237
5670 9113
5645 8126
1220 2867
7574 1325
9183 276
8462 5606
5808 9121
5529 2835
8760 7999
9495 7612
7456 7433
429 2704
6051 6057
355 4019
8248 9828
8257 4997
18 4980
3122 1239
7847 695
2564 7029
971 2105
3714 7859
1225 9243
693 9985
7242 1266
8676 4697
8700 9105
7401 4750
6240 8835
9849 4488
9741 8105
563 9760
3084 3685
2077 2009
5459 4641
116 7510
7825 3830
6447 129
3073 8219
1192 1393
9485 946
6090 8184
51 4570
4013 6291
4483 3861
1857 4224
3044 2420
5062 7207
7184 7139
9216 3722
2858 9332
1231 1762
4241 7678
1891 8393
6975 3083
9786 6459
4030 6954
5722 5160
2602 813
2529 7086
5753 5466
2388 8797
8965 8529
6003 6149
6746 6297
9871 682
6707 2180
2444 947
936 4335
9340 7911
8498 203
5448 3606
7158 1169
9845 9760
1982 3452
7924 8814
8918 311
7610 7883
8840 4691
5110 6664
987 6059
7347 8774
8239 9791
9721 9175
5205 139
8164 4781
342 3611
8387 8579
5860 9310
8339 8921
2761 6262
7735 1679
7653 6423
640 7571
2193 6829
4235 4259
2887 1581
3032 2204
1371 3832
2457 6576
3971 620
1356 5392
5310 821
3971 1169
130 2309
90 3971
9650 8904
5650 7302
5326 7369
4873 7519
4197 186
1778 8163
1767 4810
366 3138
9721 2823
793 3691
3443 3228
162 9832
5129 4133
1001 6338
7521 1091
308 8249
9995 7037
5551 6399
4405 1502
3918 9681
1688 6775
7843 4534
2663 9288
8751 2384
2110 9544
7154 6632
3851 7316
6464 8980
1448 8544
6396 47
9635 6705
8297 707
3741 4926
8185 9226
7507 3181
8906 273
9956 7828
4807 3698
8194 4636
7161 304
4180 4314
8015 9110
1630 5557
9168 4157
4100 5563
5284 4813
2267 4659
6599 6009
9585 4784
6313 8170
7965 6297
8443 9000
5203 4328
2697 3397
8964 9858
4780 4222
5250 2794
4410 6880
8352 3577
2116 2451
9141 8479
8344 2486
3137 4942
9574 2721
9726 5886
1969 7691
2183 1490
7769 7386
6897 465
782 6939
1401 5562
1161 6651
9436 5571
4610 8866
227 7805
2395 446
6283 738
2932 9420
5681 2506
3219 5406
9471 5188
4175 2732
7757 1943
118 4653
3487 1979
1591 4888
8621 3831
2618 9135
9403 8307
8000 708
6111 394
1154 3472
1133 4086
3970 6814
7671 7189
3298 7142
3455 7474
952 1211
9417 1070
6943 2904
4129 8534
8871 3828
2365 2567
2962 2846
873 2040
3554 8063
2434 5787
1534 4646
9873 5504
2538 8623
3771 5837
6843 8305
3310 7795
594 3805
9945 7537
7788 5152
7150 7738
8980 9515
304 3020
3439 2257
5060 6993
319 8573
2779 1854
4298 3730
8437 6836
3431 3287
2672 273
1591 7061
9148 2186
1945 9092
801 9733
4243 7951
8549 4301
8544 8854
8400 1982
1110 4538
53 2508
4189 3911
4362 8487
7642 3878
5323 1072
7165 9074
2425 9835
6135 1572
3099 8080
1742 4980
8891 7064
2930 7440
1364 1474
7372 9764
4535 9561
5380 4589
2068 9569
8500 7510
8056 7220
2466 4457
9372 709
3530 1796
543 9665
4447 4722
8823 6189
9702 8793
3252 3710
7311 5695
5184 4682
6537 798
4242 1916
5387 7389
1484 3886
4898 618
2185 8443
5075 1556
9152 8606
3352 9696
9349 7799
5496 9251
5066 5197
8043 8318
8907 5353
5091 5170
1113 1627
5968 6434
4622 2433
3822 6106
7398 9800
7804 9583
8242 2878
1138 7394
1483 5569
8168 1911
4446 3663
1161 9512
9939 9204
8908 9924
5635 3998
6172 6748
6704 3218
3181 1325
5651 7003
8511 4128
7881 6314
3710 6123
9192 5928
4595 1754
1496 3841
3665 5943
7504 4826
5454 8521
5108 5441
8444 742
9439 4616
7490 7222
7834 670
8547 4564
8752 8136
8692 6633
4449 2401
3834 4720
8329 8429
6474 904
3348 138
6847 1930
6043 3379
450 1150
8820 9973
1892 9338
4588 460
6559 3501
1130 6184
9144 960
4320 7835
7593 8769
1314 2505
3488 722
2012 1040
1626 5360
2257 9552
7290 8300
2930 7740
528 1750
8792 3499
2166 4458
3959 8725
7959 6168
5987 7102
7129 306
6015 5800
154 7330
9385 4721
8052 1396
5762 756
6757 9098
307 5125
7398 3237
3944 9005
6066 2735
3583 8232
7193 7542
8035 6231
4789 4022
4411 2996
5407 426
9875 5561
7756 9259
282 6886
655 7123
7642 8491
7299 7949
3615 5775
1185 8638
4780 8331
1372 8363
6562 9645
6983 5676
5875 1771
9698 285
5846 5104
711 5721
1744 9546
4979 3105
6431 6713
1306 5151
5203 8605
3099 9898
4380 5364
8535 9160
3694 986
8601 1334
630 5583
8089 7584
8434 7786
7869 4279
3969 9660
10000 5713
283 6058
9897 7794
2770 1202
2944 9053
9807 7123
28 4186
2486 9642
4424 7259
627 3024
9672 2336
9687 7761
9920 8120
6625 8868
3477 593
8527 4556
7385 8810
613 7281
6603 4462
8483 626
3514 9369
7749 3542
3554 234
4263 9058
8572 4890
2081 9322
8306 2846
7082 8225
965 4786
7092 4443
6458 6697
8999 3843
5507 690
2202 3188
5152 1764
3814 8667
1132 1562
3287 5765
2875 8629
4822 2525
3519 7983
2926 1824
828 1086
1127 1794
5872 9299
7316 2330
5995 7393
7252 1501
8083 9454
5769 4313
1217 661
4058 2349
3303 8425
8115 7257
7053 2936
861 571
1997 3787
3474 2826
4873 5681
5699 745
4979 3014
3075 973
1485 326
3554 646
858 401
4959 2076
1062 9018
5504 4365
7442 3618
2701 4494
7634 3562
6145 9631
7349 697
3535 2221
6378 9234
4045 2435
2247 8199
3409 4811
9604 8042
5457 462
8443 416
2538 583
9434 9121
6028 6875
2739 8729
2447 1451
2290 8592
2160 717
368 5696
4017 6746
4929 8063
260 8256
6261 3669
3066 5865
2789 8524
7406 2310
8940 1022
2893 9452
142 8921
7405 3960
8728 9852
5411 1017
9523 8651
2813 9891
4346 6831
7715 353
4893 7975
8609 2232
2722 2754
9176 5511
2356 6581
7821 2374
7603 1793
1825 7746
713 308
1705 520
159 8196
2616 760
6846 5430
650 2270
2260 9445
2623 8232
7419 2311
463 141
5065 718
6731 7421
7299 5631
873 5981
7424 2698
4805 9216
4085 7589
9736 4244
5784 2352
6084 3708
7782 7813
5978 1120
7257 9681
9352 4676
1991 893
5896 8135
1611 2626
6634 9990
9336 7507
5970 6759
1283 774
5975 5368
8363 6789
690 5226
9141 6774
8934 8001
5666 5991
9121 2922
5671 9551
8677 8741
444 5651
7954 3134
9357 4587
3123 8692
3172 171
5451 4455
2024 2504
901 387
9293 1591
6692 8434
9445 6704
6434 5110
3773 6634
9111 522
6184 7788
9263 7707
4517 7216
841 3873
2881 5043
2565 6053
5215 9095
1586 7239
1598 2487
8705 890
4079 6475
402 4602
3179 7916
9712 8031
4549 8822
8554 732
7688 8895
8440 2205
6111 9281
7157 70
5402 9722
6124 1695
9895 8789
13 1492
1276 8718
3462 6434
6272 4943
1035 529
2858 1825
8560 7407
646 7113
8140 9414
6008 6579
2697 3197
6938 9854
3267 3418
654 469
5114 548
337 5127
3120 1613
4923 7661
8047 1194
2603 160
1723 5462
1985 1362
2868 2631
8475 2086
3123 5561
9744 5820
9837 7760
6753 4183
1178 7407
4652 6292
9034 4989
1418 3232
7681 7420
892 6806
8615 3496
6966 1416
36 8951
2778 2904
2661 2332
6070 6863
8972 5813
2683 8809
3573 514
2991 4751
7921 8722
2121 8033
4790 4618
1265 2470
2037 3236
9277 1730
6732 7321
3147 7847
7351 7004
751 11
414 7900
6874 9387
3712 635
8195 8364
1149 1185
3114 148
9907 6314
9261 4696
931 525
8246 2969
3761 8601
5778 1572
5921 8925
9419 3271
7008 1248
4361 7422
9148 2314
7887 3939
2949 6081
2302 5178
8345 6496
6405 9331
2809 5665
5105 3741
6190 3350
7789 1030
1950 3566
3681 8951
3570 4178
3300 577
5427 7662
9078 5653
9976 6965
9592 4003
4124 2973
259 2469
9469 6665
1799 2277
2329 6904
7097 9599
1333 4885
1707 4362
9531 5388
4391 3100
9566 7692
4756 6071
6432 4912
1724 7486
1876 2394
2567 7080
5367 2827
627 5914
9492 2426
9271 2899
408 6367
2497 2820
1252 4204
8262 782
670 2652
4961 236
343 9717
7386 7854
4628 188
5339 7584
2583 7907
5742 9029
733 6369
6022 1303
9874 5292
4202 1360
1658 7779
4181 3989
3061 2442
5850 3732
6173 810
5047 6517
1605 2432
5449 7313
2621 788
5975 6283
8695 1716
6390 506
9164 2411
2888 9037
7703 7090
1475 440
5947 5656
4429 9009
9177 1358
2740 5350
2168 7787
2945 4853
1297 8394
3244 3918
260 9219
1279 33
2013 7670
1618 2255
80 4506
1291 8863
2675 2766
9303 8622
9502 4810
8709 9757
6168 1448
6185 9416
313 208
4268 1611
9682 8591
6608 9942
8888 7888
1054 900
6636 2672
4234 6716
7179 5525
6657 9854
9370 7038
9554 9950
1848 8263
9707 8016
789 6970
8510 1103
7179 3856
3793 6860
2446 1479
7880 1333
445 8934
3312 7081
1606 7546
4876 8785
4149 1532
9717 4598
8571 348
4547 1497
8611 5332
591 479
2302 9102
1582 559
2957 6454
7419 6483
7933 5298
7816 8379
5311 2207
5459 6917
9753 1413
6780 4981
2946 7575
9579 2595
7923 5204
4092 7613
536 4683
9171 3917
3784 752
4476 7821
8285 2973
4303 7296
9350 3197
6753 4660
5404 3291
2655 6236
4704 513
1216 7650
8088 1873
244 7090
7077 5415
5781 8692
98 4951
3687 3882
6782 9242
1702 6145
2214 7084
3440 2643
281 193
7303 5685
4563 1037
2999 9267
1550 4215
7996 717
7167 9319
7807 5323
4734 4666
4014 4832
9617 8781
9793 7477
8022 2574
3621 1315
9658 7061
3958 1017
8333 2339
6703 2895
3376 9702
2162 6006
4996 1236
6723 3241
554 5608
8564 5288
273 3657
1198 9890
2437 991
7366 1537
3565 986
2852 4301
9126 6810
5319 7459
9150 3100
1432 3604
3880 4673
9610 9955
5909 7411
3196 6464
3018 2838
2830 3291
6495 4029
4259 10
5020 2703
1548 9664
4768 5479
5043 3894
2289 361
2431 2517
4540 3863
7200 8421
8537 7889
9454 5524
5299 2649
1987 8318
5488 4818
1608 3061
8847 5868
4151 4945
9650 5699
4608 4418
1177 729
8312 4545
2170 742
8141 6710
5684 6420
6209 5299
4308 5663
823 685
9391 3889
9003 5957
8707 1690
9019 8632
8637 3169
3576 8286
9947 9263
2703 2202
1071 1014
7827 3241
2835 7046
9951 9599
3465 7239
5976 8852
3980 6799
9538 3370
1767 8540
9328 473
1308 9425
184 9945
3672 4839
8231 4697
5181 2012
7978 6252
4106 5804
9493 8020
3929 521
7618 8473
8839 3594
7325 2818
1471 6862
6189 3238
6480 6595
4791 8868
7098 6054
8812 1848
892 8121
7624 7152
133 5601
4482 5318
2484 5053
3337 6413
5575 2034
5964 5492
6707 3288
8311 8178
1228 5578
2495 8788
2172 8365
7655 348
4418 7545
2196 6389
5666 9820
3541 6878
6499 8023
2195 8983
3076 6611
6474 9730
8645 2438
5221 5351
6805 4610
3529 8034
187 7103
7900 2359
5467 5554
3786 963
3098 5982
7352 9843
6880 1971
7799 3379
9995 1072
3440 4149
7684 9915
4957 6328
3431 177
2758 235
5867 7366
8269 6054
4468 6168
9493 1013
2800 3278
1976 6978
339 406
7899 7219
2378 5698
1676 3451
7849 6196
7600 5532
6110 2556
2939 619
3812 5697
854 9679
3062 202
5733 8609
7449 6304
9622 249
9582 2676
8306 999
3082 6204
9298 5460
1901 973
8911 9751
7169 6510
6361 4357
144 378
4976 5036
6075 6910
5793 215
7112 2604
8824 4560
8908 9524
5888 8490
2199 4193
9489 5282
397 8786
741 3377
838 731
4206 9086
8320 1646
4522 8465
2024 576
4579 8100
7486 371
9394 5676
2976 9297
236 1883
8820 7203
1451 2098
1396 2019
7380 1793
804 9200
6249 2721
9931 455
2886 9330
2101 7408
7794 4125
7984 3451
3303 6549
3822 3776
2224 6798
3072 3539
8682 2970
742 132
5068 3217
2151 2447
6089 4035
2726 2337
7835 3735
3871 720
3064 7051
8128 1936
2255 7191
5387 5558
3739 9210
412 7042
7086 3484
581 5767
6455 2402
6979 1522
6698 208
5049 2786
5322 8854
5123 3157
2588 73
3877 6732
7124 3084
8668 9379
1353 5134
6016 5092
5422 6428
3212 2507
9913 4872
8275 7446
8353 6332
46 5050
6540 5095
7836 2941
3948 4038
6098 7616
4111 1053
4347 2313
5216 3014
1692 6569
9227 8787
2739 4648
5214 7031
7156 6205
1902 6509
4729 255
2840 4776
5305 458
9871 4220
3399 4898
9337 575
2513 3447
2708 6860
6839 9003
952 9610
5572 179
8396 9390
5906 3610
6420 3061
893 9402
9570 5623
9657 3488
398 6040
3947 1347
1338 8425
6245 674
79 9837
5200 3866
6696 2039
2868 8728
1648 9519
9986 44
8909 5891
4733 6407
8953 6705
5808 9601
2327 6543
3089 3804
3662 8115
5152 5000
7618 2475
5675 7697
2312 1953
2641 9008
3992 5510
8814 6720
5028 8799
7843 5015
4690 2575
1422 4721
9280 8309
4321 2686
4852 7410
6490 9593
5524 1641
4592 3142
4117 1345
1917 7508
4378 4559
6515 8370
1147 6408
6168 6175
5206 4010
2269 974
6585 4770
5695 6944
4157 16
708 87
8505 7198
9680 5108
9919 5351
8250 5114
6696 1245
2621 2152
6883 214
522 8030
6622 6690
5284 2907
1779 7553
3881 8364
3401 9577
6386 7558
671 7094
7646 9176
5371 7325
4283 5289
2675 3611
1481 450
5936 4102
2602 2818
5395 4203
848 2017
1972 7211
6003 3751
5842 9884
3193 9243
538 658
7879 1209
8831 5524
385 4201
3928 5747
568 7682
9359 2049
9211 5294
7230 2892
9191 2625
8174 1117
5721 145
8328 1723
4975 4169
2685 9248
4490 3224
984 3448
4433 9815
8972 5897
4016 3978
1644 5663
2739 2081
7713 1949
8454 6021
5920 8723
8646 4094
9841 5445
5318 9247
8247 1372
4495 932
619 8985
4156 1603
2432 9668
2496 2483
6644 6512
7540 8288
2175 278
1447 966
3307 979
6987 9227
9702 6712
3320 9542
3235 8639
8789 1482
10 3283
3493 1708
3346 8728
4390 6858
8395 6886
419 6117
4477 7959
4404 7731
8238 6930
9776 1544
7909 6762
770 7611
4552 5170
7152 7788
4887 7019
348 5976
1380 3841
7684 4727
2568 3152
2663 2041
37 3082
8159 5593
1040 3641
3323 356
571 4177
2979 9559
939 4829
7169 6570
9999 5400
5436 5964
3497 5784
1939 4878
9625 701
683 3271
3853 3346
6392 4969
7507 5629
1641 9626
348 6043
9983 1998
220 2961
1557 2238
8869 9805
8808 9946
5204 4244
5909 9781
27 7848
4658 731
8549 6420
5081 3480
9766 2551
9529 7272
8180 1169
6897 9608
8291 7958
1605 8511
1998 3162
748 866
4046 9557
812 328
4879 6721
108 4906
5648 4766
6716 5275
2264 2876
9835 2029
5427 441
379 4686
2689 8356
4293 979
7392 5898
9491 9390
139 238
1335 5264
873 3226
5592 5752
1025 5701
1737 7752
1545 9532
3027 3810
2407 3940
6918 7835
4381 8377
2520 7070
6732 7892
8049 5202
4868 7539
5671 5007
8857 7006
270 9730
1310 6942
6561 2335
2642 9377
1166 5266
8908 4193
9076 1315
8133 7073
9150 2513
5449 2748
9583 3259
1718 8710
8461 6586
6249 4131
2672 6184
2215 4021
6992 4604
962 3552
8019 4683
2928 9185
9950 1836
4456 103
4230 2588
7176 4458
6180 2624
7206 6841
6962 2
5550 5423
6588 2877
632 338
9061 3927
4360 6053
9610 6401
9605 7628
1084 3612
6812 2112
6527 1267
2215 756
4934 9392
5214 2192
3094 3498
9033 56
3500 4583
6558 1166
8539 8269
1505 7600
3274 6944
3652 2884
3344 4335
511 5507
9026 8403
7619 5552
748 9835
6308 6762
304 1521
8954 4477
6098 7987
5612 9598
3648 2169
764 2186
1517 3348
864 4791
291 5595
7675 3635
1009 9266
9143 34
8747 7840
6666 9495
7674 4052
6256 9057
5574 6289
3534 2750
4275 9146
2348 9002
2394 4191
2266 3911
7539 3131
9781 7830
9805 8535
2543 813
8879 2764
1927 7625
604 8593
8198 9357
2644 5533
8414 9297
1821 3026
2047 7175
3250 5474
6176 5644
9665 9521
633 8282
2651 414
6111 3535
27 9733
4348 8906
2497 6275
6530 4180
5946 5806
4615 8591
1338 3028
8966 4238
7133 1012
1412 383
6486 8667
7106 7229
8188 7740
5510 1917
9233 2699
5452 9260
2432 9801
9244 6008
7154 5773
1266 3100
2657 5881
2769 3996
9989 1734
8234 7121
3826 9647
8583 1390
9392 5689
8620 7579
4507 5208
9497 3739
7908 6027
4077 1418
6906 3320
8505 4060
171 9771
8239 2828
5651 1007
7903 6718
3820 6137
4918 7646
6862 3500
9037 7332
267 8735
4911 4774
3942 5486
9592 1849
1512 4747
4346 8419
9146 2850
3557 395
2620 1795
3224 9351
3881 2205
7147 7701
8342 2064
5347 6282
6644 5462
3614 6911
4196 9604
2764 8138
6168 3434
1066 7680
9261 6491
7177 8406
9342 1812
8802 3040
3607 3104
3469 8567
5309 616
6268 4730
2680 2693
2090 402
8155 6783
8393 2350
7465 1156
1566 3632
5669 3711
2391 4929
202 9568
4414 9544
1380 4294
3662 6066
7398 7132
4633 3785
7748 900
8515 1506
4672 1684
1909 2826
8467 1380
6255 5932
2536 8900
9564 9284
2611 3033
5292 3892
2601 784
4514 5060
5078 8176
1125 3554
6386 6837
7339 4133
8816 6933
6719 3487
8617 9707
6313 8162
1086 3646
5172 4701
2546 5815
5063 6236
8848 354
127 1448
1138 4641
7587 6216
3895 8713
848 281
6628 8188
5493 5444
5120 2211
8931 4815
2996 6323
4055 4082
9969 9228
9862 3593
5042 4925
9829 3889
5279 9956
6417 7497
5675 4003
4791 649
3794 5640
930 422
3827 6423
5866 25
9714 5875
5919 2709
2197 9974
7871 2166
9201 7732
5759 5321
2656 5588
289 9015
6622 6706
6511 3376
1787 1301
4025 6661
8020 6034
8162 2925
3535 4027
4029 3248
980 9948
7037 3178
1000 4907
5344 200
3717 2181
6601 7453
8848 6890
6467 6549
3595 4056
9925 6461
6436 5028
3121 4456
1061 1282
7381 4596
6388 1410
8924 7369
1357 5960
546 3436
1945 6969
4716 6741
9150 1316
4193 9077
8206 1738
5625 2879
5794 5549
418 2230
1655 3540
6686 2716
5901 5145
8391 2289
6555 7314
736 8992
4352 2361
2427 7376
9330 7143
4117 9558
9538 9389
8634 7743
1127 4258
1700 6921
885 2119
229 2540
5659 6915
5256 2638
2060 4726
4927 9694
2039 6742
8685 7471
9103 2191
4846 9511
412 41
9069 9951
9431 8781
8772 557
3039 472
8557 5003
2591 8787
7544 9329
6780 3878
1966 9919
8604 7973
9613 1722
4714 9376
271 4896
2645 6196
4406 3058
6238 4553
3008 5668
3334 1779
7304 7452
3330 5860
2454 5921
5725 1076
6328 2505
4955 9374
2423 4637
7346 2035
7438 3138
2490 8788
8034 5135
4984 3519
8193 1221
8072 2279
7968 1405
4059 5271
8857 7389
2209 2390
4389 7935
3466 716
439 9500
1168 2862
5216 8514
5977 3732
2731 8467
2520 1843
3601 7504
5362 1794
9804 3434
5152 7771
5918 9211
3041 5854
7679 5250
8244 3146
4263 1709
4941 4702
2288 6110
8644 7504
5702 4620
1235 8433
3086 3755
1355 7766
2337 6717
638 2140
1229 5791
9911 8227
6080 4030
4080 3758
359 2323
7983 4622
5111 2924
403 8478
9034 9047
5981 4735
3666 8296
4247 7831
2050 5602
6675 5467
3397 7314
7607 5706
4183 8597
3932 262
2626 8012
5100 4064
1413 3082
9766 7603
7085 168
6081 6118
9215 3140
1932 3959
1435 6179
2868 4565
2859 9543
31 6256
7935 8717
3040 3196
7313 6972
4538 1018
6062 9638
5082 8554
3798 4847
6157 883
5015 3316
7001 5308
7535 11
9267 8971
7269 3213
4614 127
3835 5724
7463 2848
4440 502
6045 1753
7475 582
2771 4615
1298 7853
3169 5096
3779 404
7058 8794
4799 5138
5181 2333
5149 4447
2382 2418
8740 8075
2545 2574
3798 1086
6501 8239
1589 3624
9992 142
4206 3841
4757 6583
1693 9005
1679 6551
487 8737
5345 5286
4953 525
8699 102
6051 1080
2520 5869
234 6144
9522 4032
8310 6023
2270 9899
9647 3340
1119 4932
7181 6955
1514 9954
5960 4272
6504 6447
4088 1848
2812 9041
3452 1510
9143 582
3669 2741
6451 3903
9965 5973
7936 8274
1995 1284
9251 2720
4625 1448
7652 1805
8403 9167
1758 5441
4517 8263
2967 8605
1189 5779
7646 5721
7289 7867
6303 2036
608 2753
7019 1651
8726 4954
1003 1799
7317 253
4520 1941
1701 3250
4826 1182
3495 6584
6624 8013
5925 9591
6617 7115
5369 5341
3914 3736
3208 216
6851 4895
2969 3869
6546 2774
9902 7549
5652 7219
8881 1250
9160 1660
5580 5064
2842 9075
1648 9466
7087 8652
9056 4783
6845 5503
123 758
317 4410
974 7169
383 5023
1037 6929
8876 939
5556 4527
8158 5515
6857 8396
7175 2436
3460 1096
1510 6187
561 9677
4838 696
5538 2762
7278 6740
3520 7596
1150 4495
4764 1533
596 5801
9542 9472
7819 6176
5077 7055
2770 1933
5451 1023
5448 9990
2119 8038
6176 3760
7714 2092
5535 3251
4854 2812
9991 9454
1486 2219
5027 7329
4832 5623
4209 5452
6173 2027
1627 1249
9083 4397
4262 5612
6500 788
5601 8619
8826 2855
2378 6539
6026 8992
868 880
1804 1938
1412 4369
4157 6439
1698 8989
2061 5907
4440 8234
7934 7147
561 8095
2622 5902
3706 9122
6691 385
8820 5516
3240 2276
3134 9267
1268 4002
1225 4151
7019 2637
8520 1176
154 217
1243 2215
6124 6763
1527 5137
4988 2088
3231 8689
7991 6938
8890 5760
7323 7709
1275 1642
9985 5488
1987 1252
569 4291
5403 7588
8007 5002
9843 8161
5219 1086
375 2422
8928 2981
7559 4994
5069 1868
3682 4138
9885 2571
9898 7208
1358 2252
9929 1343
7740 1915
3674 8309
7285 156
6976 5291
5158 6818
3451 1455
8983 4905
3877 7910
7886 2514
3982 4033
4383 8744
9251 5346
1314 9148
2553 2673
2478 3560
5095 1297
6554 8769
684 3838
8925 7660
9129 5161
4478 3658
6617 3460
8563 1572
2449 7527
5166 6431
1560 9549
6253 810
5973 7568
1036 8527
1319 4594
3165 6414
5891 9720
6261 7654
3557 5186
5314 3765
1425 9792
7423 8042
4330 7065
9615 6779
5670 4780
4289 8309
5407 541
9119 1379
9188 1234
984 1585
6907 4150
7999 3876
4948 5339
1529 8505
1603 6843
2269 3028
7713 9693
1070 3122
7836 1763
979 3505
7622 5268
1814 4107
6889 2011
6565 7155
4324 7550
8741 1230
2778 7818
5106 7726
4235 7715
7309 5838
5636 9579
8867 3349
349 9937
6471 9264
2778 7450
2768 399
3797 5661
5585 1764
7673 2149
9998 3075
777 9817
4306 3555
8714 490
2359 2948
9284 747
8787 4920
325 7653
9348 1753
8668 6897
2095 2524
5425 4863
4002 9222
1603 9587
2064 9276
1735 3141
2350 2513
2957 7735
7147 1670
9305 585
5698 8588
1332 4484
4586 2736
3215 3933
4489 1882
829 6584
4406 6255
2525 9487
6555 4128
9073 9699
4482 807
2839 7912
4399 6875
5646 2625
8546 6029
3210 4243
5696 4542
9806 281
7278 3020
4215 2845
5981 6123
507 1465
2377 3032
951 11
8240 23
9710 2721
1909 2548
632 6309
501 7358
8934 125
4465 3222
5447 160
7764 5252
442 6120
8272 5736
8965 4252
1858 9472
5717 4236
3582 7747
5326 1821
7770 5035
5622 9680
8662 6254
7067 9163
4690 7079
9289 9156
300 4735
9316 8064
1066 836
4183 416
6572 4226
4669 8431
3697 1464
3745 7279
9212 9071
179 8060
5184 5801
7739 3845
3133 5884
4086 7824
2962 4453
8058 3262
9189 7373
2404 1333
9289 7666
1749 5860
1891 7497
5369 6667
8962 192
5025 9252
9263 5204
8390 5525
2083 7208
9370 5216
3091 4535
4118 7133
8988 2175
1473 9255
627 3878
587 9916
2622 2337
6854 5593
9834 2223
3338 9874
2415 8363
203 2757
4645 8594
8282 6728
5801 8731
3023 8892
3265 7141
7103 2252
395 8577
1507 1022
3533 2094
937 7234
4431 7791
2826 5344
1092 6165
5217 3508
5606 5421
7344 251
4014 5625
8058 893
4355 1080
863 7620
9301 7967
951 9696
6543 2458
717 75
5631 2733
7309 1141
1602 1214
6485 2695
8458 2780
7282 4063
8201 4625
4314 3293
249 3451
4186 5684
4531 5050
4382 3831
4095 5333
4605 637
8870 5322
1791 5580
9134 178
6721 736
2471 4284
3431 928
7064 1791
4992 6344
6416 384
715 7744
3835 5981
4506 8367
2109 8889
3276 6204
4221 7882
6841 4170
4282 9711
9750 3416
967 6470
4152 3439
1832 8662
4367 9975
452 9359
7397 7947
9744 8113
6769 3578
4093 1275
3023 7281
163 7379
3484 5463
5260 1403
9633 620
1113 460
4036 2080
8009 8188
5519 9841
7928 965
894 9459
323 8291
7405 1145
6403 4174
5803 1574
6528 9905
8855 6691
7283 3417
3232 3621
4820 3944
4242 7012
4404 8278
9093 2413
7545 5690
3332 5472
7734 4226
4931 9137
2517 3414
281 9999
8667 7163
2652 5194
7068 2585
2963 4350
6003 6196
7972 1901
139 2213
8914 5622
1569 9085
9114 9114
5853 2446
5665 3587
7751 1674
2723 1346
5088 4083
1345 3755
1246 5076
27 9393
7661 2991
4821 4742
265 2792
6644 1483
6084 5557
7105 8733
5720 6219
7846 1572
9744 3510
5159 8573
5184 8961
9920 1351
4123 2343
6185 5369
7419 6212
5840 6158
281 660
900 546
4532 7544
2029 1694
4179 213
426 9899
7511 8273
2549 8333
2861 8788
6905 9125
7748 7903
475 1870
245 7739
8318 8743
3950 4157
5980 4232
5897 6880
5857 428
5502 8966
3201 759
9179 3628
1736 6689
2979 4285
6100 5840
3072 3004
6043 820
907 7597
3769 2231
5335 3166
2053 9286
7323 8033
4596 4298
5991 1531
5805 1492
496 9007
3330 753
2634 5066
8521 5613
9351 4620
2531 2423
7625 9654
4322 9611
7250 9170
2920 2585
2335 6052
1870 737
4084 7545
5035 1153
9076 840
2645 651
9847 7054
1404 3559
2119 9926
250 1470
5624 3860
4972 3248
3513 9294
3937 763
8463 7937
3348 1877
3988 6297
2614 8073
4920 7649
304 5074
9568 2950
5725 492
1082 8209
4051 3202
9213 5380
4672 4836
9241 9644
9164 3832
15 4179
4595 9557
2115 9022
1433 6104
6397 4047
5255 1316
2775 5559
6391 2342
9588 3194
2835 670
1402 7965
3872 614
3345 9623
6530 3664
344 5693
7496 1438
9872 3170
994 1987
2191 3507
9170 8589
8633 4424
983 1407
1061 7374
3750 649
568 7664
2398 3049
6707 6270
4743 51
6971 1272
4794 7315
8044 3369
8753 7915
6539 825
980 9809
4332 149
9476 2965
5652 459
5451 7793
8912 279
8442 9480
7943 1918
3608 4650
9267 8351
5780 6237
701 1653
4630 8745
5022 3382
6659 1560
5286 8719
1368 697
9947 1923
4741 6678
2382 191
4470 1293
471 3990
1852 9493
5908 5460
5221 5174
4889 1001
2489 5590
2654 7119
4334 8755
1579 2071
314 6865
789 2761
8641 736
4684 3381
8493 7066
4652 2962
9439 5123
8031 1290
5694 3938
7829 915
190 2717
2995 2679
8307 6728
9798 2640
5482 1376
4711 6875
9320 6580
9636 7961
8395 5399
1341 6887
3543 5993
9849 2981
2194 8958
5350 8968
2895 3178
9883 4164
5895 3956
6843 4201
1762 7719
7920 8323
9095 2631
5197 8414
289 5911
6374 8684
1309 8795
5570 5932
5866 6497
8913 8061
5454 4263
8107 9428
7441 9068
3591 4415
3023 433
9695 5864
8152 7615
4186 8325
1324 461
7817 1613
6372 5270
296 8761
4064 6945
5771 1008
3441 4683
147 9974
24 8254
9401 7466
7321 2991
2959 1422
4503 2653
7286 3733
267 1471
3136 2670
3011 952
5362 462
7301 5658
301 1364
3681 6072
3452 7122
754 3599
7095 779
1853 7574
9324 252
1643 3361
1675 7225
6014 8961
957 7361
1511 5172
30 4522
7204 5393
6063 4504
2129 6364
6948 5811
2435 399
4011 4269
5077 2185
6127 6930
9759 5450
8262 1402
8811 9937
8627 5903
9976 663
3263 1486
5835 4373
7088 4117
844 3150
8622 2973
9515 5569
9863 3028
7047 3874
7297 2123
6059 3423
132 6896
8873 8394
8298 8762
8330 8004
4665 8305
8667 9007
870 5580
3379 9037
9698 4223
2186 9398
8276 2779
4966 8138
5808 2012
3090 3104
5214 227
6528 5346
7124 6479
3739 6500
6320 3147
4503 2063
2531 4248
1069 3401
907 5528
2437 1683
829 5702
1080 9105
8482 7125
8322 4289
215 2490
7393 5429
3797 4999
775 920
2557 5593
8499 8877
8741 3002
939 1271
8329 3087
5751 9236
9694 9267
918 523
4968 3077
706 3449
201 106
8817 416
2597 7289
6925 6394
2287 7700
8393 4844
3292 7970
4799 3111
2050 5738
5461 379
9905 1211
693 9598
477 2691
1199 6525
5768 1906
9974 5970
3091 9870
7465 5688
7158 4389
3160 523
3167 2631
6447 7539
601 1245
649 2651
8063 6111
4109 7967
8401 4803
8643 9958
7494 9843
6482 3261
2827 7534
309 5918
7403 8854
2685 4560
3242 6924
6163 6410
9556 2609
5027 1235
3854 5676
4965 1916
2865 9075
961 2345
4956 683
2302 2449
525 8784
6789 4431
6317 8178
348 3720
7031 3033
9359 1351
1036 5521
8840 591
9209 3866
2905 3063
621 7870
6058 4565
8023 8099
6910 2978
8782 9212
6506 385
7995 4374
4816 5391
2551 5164
189 660
9277 626
2011 312
7227 1930
1982 6435
5796 5966
9498 7496
4914 6635
2061 2937
4733 8971
6994 3514
9262 4579
4978 8335
8953 9794
3725 1503
6036 4993
3242 6391
5620 5253
7782 2846
8262 842
9281 4058
6808 9858
2632 1722
7571 4693
5738 2303
4743 3810
6896 4004
8389 1873
3417 7341
2745 8222
9923 8781
3214 3164
5172 9913
9497 2953
2758 7758
3796 3118
2894 1682
4054 5527
4483 2703
1298 1299
5006 7120
5110 2980
2202 3498
5932 5620
1918 8677
3841 2919
7457 7055
6084 3707
8047 6659
7740 1883
5495 2614
5001 9469
4296 133
6074 9859
2836 7372
1157 8921
5571 6267
2979 7773
844 8911
3392 3841
7587 7233
6760 6123
5367 3922
908 3413
580 8648
5296 7155
2340 1376
6623 7716
2588 3775
7574 6504
2225 8731
6503 7796
6077 9483
5569 8000
9472 8961
1840 8138
7273 8600
5339 2639
2522 6247
7131 4181
5974 3505
2414 8314
5960 115
6029 8549
3890 3602
6131 6116
3412 2633
3911 9489
3194 9480
7488 2666
9520 406
803 6792
9006 7221
509 2606
3467 7640
7867 9441
2223 280
8834 8184
1475 4862
7811 5365
9544 3941
1480 2955
7653 6471
3522 847
5950 2088
4592 5469
2494 6474
3339 2578
3694 3848
5185 8240
2566 4130
8760 4790
5489 7593
4052 6964
3533 2941
2329 3076
6882 4888
7110 5613
1358 1710
7539 8388
3798 2130
4935 6292
9683 8275
8871 3376
3201 5134
2695 5768
9264 1454
1636 5831
9047 6767
2795 2579
9708 6203
6735 7668
1090 4923
4359 2449
6634 1898
1915 1510
5107 6850
7803 4790
6203 7752
9245 9405
3964 1939
6251 3227
4472 8966
9058 3518
5732 2931
7177 6518
9134 3911
4185 224
9913 9623
3752 6546
1520 6746
8057 7707
3595 6938
2496 9799
5768 2819
9203 9732
5838 6532
4037 309
5497 4173
4907 1228
7105 2083
7746 7317
7073 3009
8620 8064
2631 3450
5689 5231
195 4824
2937 3791
1761 6512
4668 8608
409 4949
8339 6247
1480 3454
7636 6977
7627 3621
8205 5810
5704 7029
3127 3855
1116 2825
1918 4826
6276 7607
1135 6471
3509 4072
1340 5270
1662 6008
4956 2072
956 4373
9398 2436
7827 7033
9413 6533
653 8696
3421 7436
6803 7627
2369 8998
452 5367
4903 6728
4052 6038
4277 7562
1189 5618
3910 2851
1625 8867
4923 2582
3239 4321
6097 2145
2432 5510
8678 4165
5284 2098
2679 3166
9726 5049
2163 177
415 7066
7984 5546
3104 2260
3107 4293
7878 7018
8223 582
5884 3146
3164 201
8546 339
2346 977
6928 1023
6221 2212
4201 8901
5378 3926
3949 8620
5182 5443
5686 3165
988 9869
5425 5175
5240 4382
2192 3462
4964 9155
7687 9207
434 6232
9546 3860
8289 6474
4883 4509
9765 162
4488 5142
5167 9516
3761 348
6037 525
4592 8105
393 17
3279 6712
5478 6550
174 441
6783 8940
726 7217
5172 271
1076 4539
7824 7039
126 7588
8280 5694
3808 3447
5209 8649
3795 1246
9174 8388
9351 646
9484 2629
8437 6040
257 9690
7560 7040
8630 8286
5335 4880
9636 7491
9419 7460
4529 623
6126 2808
6317 1013
7334 1526
9662 1129
3851 9914
595 4280
559 78
7988 75
7197 8245
9765 4756
5284 8394
3041 1697
3273 3755
9188 3770
1214 4795
5473 8420
7604 1789
9433 4937
4394 172
7145 9324
85 7740
3603 1724
8897 1590
1799 6093
9835 1563
1927 6197
9958 4968
7895 4309
8724 8161
9159 1016
2956 4631
514 1638
7499 1025
7654 2972
1197 4799
2295 1283
3617 5899
4086 3593
7489 5885
764 8403
7448 2692
5678 8484
8739 3572
3872 8541
2812 3030
636 5768
8740 1150
7406 6238
3255 5059
9210 4452
936 2584
6814 4554
8483 899
9226 7050
7863 9990
6531 6390
3760 2209
4873 2499
6860 9824
2118 9672
3932 2754
6518 2671
4984 3923
9989 8239
8983 276
3769 997
2860 1662
5551 2421
2561 5855
550 424
5845 7081
6814 683
368 2765
3182 8308
3668 6380
9058 7600
9134 5576
1350 5196
9499 2417
4513 9560
2693 8283
557 5554
9945 7187
9054 3584
3042 9604
5087 9966
7764 2979
648 9211
6824 4910
7518 491
1289 6576
9170 1501
2151 1598
6698 2728
4015 1210
2288 6709
571 2845
3341 1594
1110 2394
6258 4152
3077 1344
5196 840
4324 5845
50 2226
754 8648
3796 2043
5223 2965
3544 8453
5643 1320
1180 9658
3610 3468
7445 4181
7392 785
5776 9582
4259 2033
4812 7336
4456 8
9255 9859
5853 383
2084 7686
9031 5880
807 5332
9925 5430
4863 5567
6751 6044
5224 360
590 2669
5620 9062
4533 2474
8643 8792
5586 3454
7206 42
3462 7539
9901 393
9002 3064
9158 9111
8944 1043
4443 9947
6474 384
5513 4303
6428 1816
5742 7019
4485 1361
6080 96
3836 5801
9968 9422
9255 8252
542 3796
5791 443
5268 4792
4586 4426
3902 3529
6548 9424
3476 3021
9809 67
7324 7315
1883 4144
5412 7447
5506 1491
7544 420
8371 7511
9842 7626
6841 1463
2500 2631
1906 7768
8502 7571
3272 3483
1099 9821
2906 5654
3920 3793
6801 2323
1108 8684
6467 6520
6131 1972
9091 4753
2392 7461
3342 3313
6165 182
4776 8665
3893 7761
7512 2394
6410 1862
5877 7509
1682 9863
4242 5603
4734 1042
7926 6921
804 5471
3441 8014
7444 3610
2766 914
2149 7187
5306 9394
7370 1160
8058 1262
10000 6648
4735 6409
8511 612
4997 192
1553 317
6874 6287
2438 5878
3208 3242
1349 7728
1256 9872
2416 5101
785 4565
2288 7171
3958 9658
8331 3095
1998 9410
9743 6733
5818 8253
8424 1893
9525 1055
2210 7477
7343 4648
3355 1629
7891 5783
9357 225
5654 2851
6405 7518
7416 8693
4688 2453
9429 4098
6627 1426
3507 6369
9239 403
5701 8741
2297 6304
9797 4507
3780 8218
234 8214
9847 9204
3996 281
9429 9650
3132 5833
7168 1626
5605 2934
4079 5033
7032 705
7539 1617
8154 7856
2021 4933
7675 5397
1236 7471
9904 5016
5688 1216
4309 6613
419 8305
6894 926
9034 1104
7839 7280
2731 3443
213 7889
9555 8325
9674 8172
9942 7827
6027 3041
3838 3702
8438 5074
2251 9421
1168 9019
1715 5477
5631 2135
4861 3604
3061 3894
4708 899
1173 8518
5421 1386
6407 4976
789 6080
3147 731
4985 253
4851 8823
5034 4368
3896 7285
4867 6143
7382 6582
1620 4092
9796 6481
7696 2857
374 3482
4835 2626
2000 256
4012 9486
5232 4802
5565 9458
6612 549
9711 2541
9372 4744
7988 4346
3108 2854
488 489
515 3187
4581 310
746 3355
3167 2199
7917 8003
4825 995
9338 9917
480 4569
5797 6045
4026 2408
7673 4816
6028 7044
638 4016
2468 3746
7949 2956
5315 8464
7223 9896
9854 7969
4330 3020
168 2246
2101 4993
3241 1438
4909 3721
7086 1784
844 2191
5271 8517
7007 1299
6639 7645
6394 9107
2470 4342
3141 7785
3885 363
8759 3738
8333 4167
7837 9580
6413 1017
5651 732
3534 1639
5532 620
3423 6376
3890 8695
5971 896
9994 2609
9620 6387
2794 3168
1807 5936
952 5692
7378 790
508 5710
4957 8346
6368 2449
9363 2019
4260 2896
3658 9793
4595 7081
6168 8485
5775 3218
9381 6847
5827 79
4312 9701
3247 6120
5636 5279
2890 4092
7148 3399
881 3183
1744 7249
6711 2185
9268 971
5081 2925
763 9677
1085 8010
9240 6860
1227 9700
4786 8134
9779 9098
7834 4104
6296 4548
461 9187
8640 8688
3664 599
1871 5408
7849 8582
8672 7116
631 4831
1120 1394
4507 2205
483 4826
143 1710
4525 4929
922 4303
4027 9835
9486 322
5461 1026
587 4101
9714 4251
4700 1584
737 3627
1245 9409
743 1876
4240 2942
4350 9826
5147 4833
4651 5290
7622 9176
219 8545
4557 5325
8379 4043
5647 3840
5069 6235
9020 4782
485 4798
7446 1223
9505 9770
1710 247
2724 5950
4268 7074
5776 9415
1906 1505
5783 607
681 6002
9152 5238
1326 8609
359 8053
3527 6507
4287 3625
2368 5851
9503 9814
8153 9007
661 9864
9254 3385
5813 3521
459 2667
4014 3444
4173 9797
4051 5933
6878 4281
1170 9283
3969 2609
7335 7496
9116 2700
2200 1483
8552 1702
2375 7783
708 3036
7646 1040
6422 4538
5640 7960
8284 9654
1403 2456
528 6534
9468 7406
814 1717
7768 5862
4326 5102
4437 3441
8882 6637
6004 8512
8339 9458
6294 9047
2494 5019
1165 9995
9557 6805
7954 8919
7537 9357
2454 8065
6969 1921
6550 8863
3638 4317
4724 7964
497 9161
2484 457
5797 9567
8969 5214
9024 5263
5339 1517
1360 6504
2590 1995
3308 543
913 844
979 3367
9989 7948
5289 7617
7889 5
3012 2613
7970 3509
2852 1532
5046 9729
1098 4014
4942 1200
355 281
3797 1715
6785 6387
3710 1172
6931 5703
3095 8989
9070 3083
8015 5437
1778 5904
5443 4790
9596 4491
9379 2447
6023 4424
3254 8200
8438 8197
9400 9873
9557 3196
1587 7420
9584 6377
8592 7593
2079 2766
7660 1148
6928 5674
7665 8707
2656 3107
3496 2251
7598 3953
5778 3620
8377 9032
2898 7894
8307 2297
7766 7863
5494 431
6362 6156
6808 6032
4827 9966
8798 2486
2193 5726
8160 9858
4432 816
4043 9007
4146 1640
2960 9924
6339 2415
34 9237
1387 9420
1533 9153
7283 8106
663 4723
5340 8550
754 166
8516 9553
2652 1787
5278 812
1644 788
2707 5687
9795 7932
8406 3833
7856 4744
6249 8969
5059 7636
8388 7671
7868 6749
6856 9610
1471 2195
8159 3305
2362 7753
2857 5014
9540 9214
6905 2262
1080 9612
9028 874
7544 7433
5787 6478
3255 3114
6525 9393
749 4912
7064 9696
2740 3919
383 5290
6114 8543
8595 8476
7374 1451
4569 7993
1743 1473
254 2823
2164 361
4777 786
7794 563
8343 2128
3677 4867
1520 5505
857 9663
6280 3597
3581 6663
8888 774
6284 7482
328 4737
12 4897
2729 2834
6371 4062
5658 8535
4423 1513
399 3296
2076 8742
6503 6832
3608 8023
2336 5544
8765 8616
9142 2345
6358 9108
4198 2641
6589 4527
7378 7680
9424 1185
514 6873
5248 7251
6486 749
8764 6885
5124 1918
5626 1626
8750 312
728 1085
5857 9493
780 6077
2916 7138
5184 7115
857 2851
2720 8236
531 2143
499 2124
9017 5747
9375 6581
6497 9217
3466 2699
1134 170
4326 9884
483 5054
2047 7419
5625 2827
3495 8541
1043 8679
6734 2980
1529 9454
2294 3139
1597 2793
6342 1692
8541 5716
9352 6116
6011 2817
8815 7145
2988 4219
8107 4550
351 154
3047 5976
4060 6542
4517 5104
6299 2329
8084 8907
1783 377
2046 4459
4249 8388
6151 2789
5183 6581
9984 2272
9399 9878
9418 3465
4096 7524
9094 4448
8757 2140
1502 2817
9761 6019
9000 6059
8349 8162
4965 1210
9618 8090
5669 3866
7557 2898
6656 3818
9479 7718
6090 9956
7595 5507
3420 2770
4110 3592
8297 2866
5732 9799
6762 5492
6897 5761
2629 6324
3922 7595
7534 3539
6763 3202
7406 4319
7179 5140
8137 6657
2857 5306
6613 1531
812 1111
5380 6001
4704 3676
9947 435
4553 6708
7007 1449
2469 9636
8852 6391
8309 6385
9931 6151
665 8415
469 7844
3554 9686
5580 7490
4991 2192
99 6882
3303 5479
3962 9086
233 3908
600 4787
615 7607
7315 3084
8321 6167
554 7709
3630 1563
3859 4296
9978 5407
3218 3531
5092 8798
2099 1161
2068 2199
9123 6451
8757 3084
5536 8991
6992 6136
4856 7607
4821 3249
1770 3142
9416 2324
850 4125
3887 4709
9500 4943
115 2717
9553 6287
2594 1651
8527 5741
3850 7649
2191 3686
732 7728
2676 7724
4942 7532
6410 9764
780 8180
2905 1275
1582 4834
6479 6548
621 5978
1490 1815
9774 1042
9181 3446
3772 7708
9188 8702
5356 1378
2387 6089
184 6142
4891 5127
4752 1300
4890 6611
558 8874
7886 2140
4786 4364
9767 5407
1420 2335
8301 1194
4456 7482
4640 8229
5189 4906
6930 544
6285 395
7712 7548
6537 2603
2674 1288
4982 8643
7899 5541
8595 6864
8760 3380
2306 9606
9866 3727
1940 8167
6000 6397
5648 1718
4625 836
6625 2633
2459 3988
4107 1250
1535 643
4932 5289
3010 9914
5010 908
6533 4684
8851 6372
9143 1157
5977 9009
5963 7917
7175 3041
4313 3901
4759 16
5816 2462
3728 9354
6450 7835
603 9065
8478 5535
4353 2566
6528 441
4554 3060
5125 3404
9432 4268
5640 6487
3276 2681
4404 1529
5722 9796
6509 1560
9813 3403
5101 3540
2756 2630
2454 4439
1694 2010
9974 7126
4577 7580
7567 9131
640 3771
3613 1150
8039 9254
7638 2393
3013 3120
5001 9815
2915 2588
2453 3806
5991 7554
8426 8747
183 879
3185 1877
3968 4238
9003 8545
1817 7649
8754 3536
1419 2367
5766 536
2699 4482
2929 5712
7602 9009
5526 1595
1596 7979
6481 7587
6612 4906
7412 6795
6864 1676
9752 831
5914 8754
455 8810
7481 9209
3425 8900
1575 9191
9436 5353
3672 3443
1065 2352
2451 7670
3947 4047
6728 427
2712 3339
6412 124
1212 4354
1800 963
6265 8793
796 6720
8681 8277
7007 2105
8256 9662
2374 8770
5014 7125
3292 6079
9477 5743
4828 3424
869 1555
4930 4660
5973 2421
4784 7185
6775 7663
9228 3039
7534 23
837 6215
9379 7845
9399 8713
8585 1773
7483 3598
9977 1853
756 9454
7596 5584
3956 9544
8218 8886
5283 5269
2385 1145
3532 9161
8809 2759
3278 7421
3861 5195
4714 3240
4118 4113
1952 2702
6965 513
6300 6941
2366 7056
7473 1041
3718 1428
1663 3014
1393 6946
8283 3778
8092 1815
4017 7979
5653 7296
5399 9515
3569 113
2754 7687
5305 5785
1467 2269
7378 8846
288 9744
5902 7762
1863 698
268 3527
3713 1661
1551 1995
5440 9643
4889 9457
7621 542
7831 4099
56 1399
4212 3889
164 9517
9674 1631
2864 7051
477 4231
7874 7458
3071 9737
9235 3340
4342 2947
5001 5894
6022 1519
5536 910
976 4236
1452 9886
8335 1508
1285 3625
6476 2528
4220 6150
5239 8163
4279 6795
2393 3231
4252 6544
4047 3486
9884 8389
7513 4884
5361 3534
6404 1976
4444 8459
7291 6976
8344 6704
9563 707
328 6039
3236 5627
3267 8475
3789 8625
6348 7261
1856 599
3804 6982
5164 4766
6449 3755
9651 1810
7289 7133
3786 2812
5591 1076
866 5013
7780 428
5721 9187
6467 35
4813 812
9589 9681
9438 5936
8020 2372
7614 2903
9354 3856
8748 5802
7612 9477
7612 5979
6609 2476
9870 3278
4631 735
9371 3489
1164 5091
2675 8710
6205 8567
9523 5793
9326 8960
2807 8425
1331 420
2406 684
4276 1153
7565 2966
630 5177
8946 7239
8732 9894
1596 3363
629 966
6852 1793
7136 606
502 3340
251 1103
211 9578
62 3018
9081 2472
4517 1486
3156 9872
2639 1800
3917 3269
6977 2862
1587 6787
3834 4262
149 4463
5228 8081
7335 3442
8687 8917
7861 8938
19 8072
9594 82
2168 8674
3633 7764
159 7869
7635 3878
9669 1551
8226 6645
5492 9813
3431 9327
5153 4660
4868 1459
2740 2203
4901 2505
1119 2761
1442 1138
1911 2115
2299 4079
788 5933
1842 2027
3801 556
5905 3469
3186 4130
1192 9758
5022 5702
9084 174
1440 5030
1634 4180
7233 7614
7764 9431
375 285
569 2286
2400 3947
7445 4267
9880 9287
6294 4759
921 2198
9307 4108
7408 498
3865 2429
7280 4027
2603 8720
9057 5316
3979 7369
2930 1742
6799 4384
2027 8447
6670 5506
2394 4114
9774 3352
4480 6067
9191 5401
9345 8497
587 6752
74 4452
9181 7354
9558 2862
7152 9694
8179 1130
7062 2187
3952 3860
6571 7058
3386 4319
2564 5780
8434 2337
210 3992
8404 9401
9393 7748
7898 9981
5578 9051
5511 4758
7483 5069
7621 4634
4762 6878
6844 2902
143 795
7841 6714
7853 1226
1032 416
7006 544
3832 7217
4536 3315
6617 5008
2141 5593
4988 7720
4643 1577
2477 2125
7725 1176
7839 3565
9133 4682
6467 9276
6556 4308
7068 4408
5534 8101
5904 3619
9724 814
1914 4260
4129 9610
9268 6271
5203 5334
5069 924
6911 7546
4129 5715
9802 1967
9280 8934
7728 5747
9289 4283
54 6356
9770 6667
5535 6752
285 5259
7567 3278
597 2774
2888 943
123 8091
6277 5192
93 4266
3817 4222
9981 3618
7268 9261
3630 6074
6086 3997
356 7219
353 1205
3885 6967
9036 5250
3304 7681
8528 3901
455 1415
4844 1657
584 2199
6850 1757
7545 1745
7058 8604
6442 4326
8943 71
399 5028
4069 1835
2246 5501
4119 7211
2467 3154
2460 5772
835 2066
751 2369
3482 6675
4026 5145
9953 1954
6902 8576
3699 3960
7180 140
9365 7201
1291 9764
2229 6439
2677 5554
1939 7875
2764 5485
1029 6303
2335 2943
8370 4166
5312 2930
840 9338
8075 792
1292 4977
9369 6070
15 7627
6211 9380
4827 8581
221 8135
5019 2899
3689 8037
773 7532
4600 2881
4914 6936
5824 3283
1101 1135
7292 3020
1552 5366
4891 3923
1421 5338
9993 1436
2964 7282
1894 8871
5862 2116
7005 880
6094 1772
9996 7946
9305 4596
827 4218
1531 6651
8580 3711
8866 5871
7810 417
2315 2700
5419 4816
8039 5411
7331 2081
3772 9226
951 9634
1341 7957
1593 8514
9729 1588
6459 111
6184 7286
5408 8794
5016 3987
3583 3881
936 1392
5377 4331
5172 795
9147 3210
7285 7556
5291 1056
6781 6243
690 9201
5278 3362
7714 5006
4950 4173
5118 2213
2537 1604
2085 7553
5592 6748
2512 7607
8140 7889
1937 3311
8684 2162
7600 5969
797 2891
8104 8657
212 8794
7858 5490
2155 6650
1574 8185
1901 7771
1476 5518
9376 3561
3070 4967
308 5583
3652 9528
4550 6669
3917 3234
8831 2596
281 9628
5487 8385
8285 6778
8258 7221
2267 1491
4949 3841
754 7930
1612 2230
3447 987
6871 7596
7033 8258
4257 1763
7785 8808
8432 2781
3120 7263
5377 4480
7969 1942
3943 7332
9799 3279
5631 2065
4771 1659
6985 5525
9589 9676
8835 4114
1741 5705
2788 9853
3962 7046
1616 2826
6932 47
6686 1130
8389 3141
6689 7437
6162 631
4768 5960
3911 1478
9104 9761
3137 6088
6364 2725
6843 5198
7918 9663
1981 1784
9516 7023
9909 2210
927 6840
2257 7613
9049 1725
753 5737
9162 7994
6369 5008
3953 1358
6486 3056
2197 9623
9144 8561
3426 7065
4838 2422
6728 7898
4207 7322
4920 4115
9532 5847
2034 1788
4538 1082
4592 6370
6820 4832
4363 4267
9841 8316
6704 7405
1371 8901
7028 1594
8540 1532
9738 4456
3955 6465
3433 9241
3786 8353
3355 3317
5279 5389
6185 895
7551 1855
7266 5449
6688 2707
9716 6528
2102 7498
3932 4552
7477 2038
6146 7095
4650 6963
1551 9684
3427 4984
8924 8293
4415 2278
2688 772
8747 9952
1668 6297
1807 12
2824 8495
3798 2539
6101 5900
1115 1111
452 9671
4229 7677
6765 8879
4639 9395
8562 9146
5457 7485
7438 951
841 1204
1723 666
1156 4470
8042 4042
4482 865
2536 9360
4483 9716
5259 6677
826 5711
6347 5055
4467 3112
5012 9106
2506 3573
8251 9043
2136 6767
9994 4057
9051 1716
4723 206
7266 3844
4248 2826
4709 7863
2185 271
8657 7445
6948 9483
4234 3295
5617 8701
7486 628
7807 9992
5281 7136
112 7417
4982 105
1473 4032
2901 7276
5317 166
1119 643
2992 6907
9585 5178
8257 8241
3701 5205
8802 7935
9579 5497
6636 7064
6126 5521
8134 2485
2656 8247
980 8717
8352 2454
2748 1252
808 9144
2497 3006
865 5490
9913 449
1746 9249
9769 5447
4453 8571
3381 4031
4067 16
1094 1271
5537 9228
4835 9273
8553 5816
7989 6905
8270 1816
9236 156
2038 2812
3162 2904
8302 4153
4432 1126
3401 4201
6573 8933
3850 1032
2963 8996
1049 5136
1346 7665
5443 6181
8016 3995
1996 6005
1978 1344
8900 2293
1500 937
5105 5741
4920 4485
973 9353
5611 5453
4632 3262
4386 9561
4294 8428
8556 5343
3564 9902
4087 85
7162 2102
4080 9158
9186 7138
1581 8085
9431 4160
101 5614
9902 6100
98 1953
5452 6788
7406 1162
49 1791
722 4343
1298 357
765 5941
1337 5931
6026 8499
8033 1184
8736 8298
8322 316
7461 8831
4476 7562
4444 5456
3662 4542
7409 192
1329 4815
2434 2457
7685 4235
6801 8983
5671 8645
4923 7009
4575 948
6586 3686
3212 6400
1983 1533
6716 9445
364 2271
8085 5887
8806 2825
429 6215
4097 2837
2108 7610
6374 871
1844 3174
9855 8595
1818 5856
6682 7472
7884 3267
1157 1095
9668 4220
3707 7462
4743 5150
811 3906
1037 696
6732 2545
6911 1907
6461 97
9517 2834
968 2439
7087 1901
1033 9984
8837 7715
7455 6720
2061 9692
8894 2807
3911 2600
1347 8654
8830 3238
2559 945
3934 369
3490 1923
2276 1029
3099 2871
3864 5146
6390 950
7048 8502
2013 6963
7296 9468
4761 9357
9159 3654
3242 4148
7333 5668
3880 7241
8906 6440
8186 3918
7888 2754
5841 1243
3784 18
4114 7648
5165 1582
9677 3291
84 1689
253 7380
2236 5014
7815 2473
8668 2135
6622 7079
7803 501
4320 7788
8020 2505
1705 5908
5260 8626
7151 122
8644 2343
8849 3808
3926 8525
7099 5089
1293 8431
2468 4608
3444 1361
7081 3190
3496 4781
1348 1298
5283 5668
164 4381
9252 1870
1367 5590
1574 8518
5712 217
1940 4560
5105 6945
4164 2203
2033 5457
634 5580
1143 5157
6941 8224
8348 1515
3005 774
3892 9367
6442 4057
3747 6772
7006 5115
2362 8580
4711 8074
8797 7730
2634 3901
5753 6798
7184 7786
3333 8897
4444 4476
4053 1384
3778 3479
3978 6783
4253 7871
7228 1773
1927 2054
8546 8933
8248 907
8591 4037
8981 7387
2846 2693
2367 8599
9491 9551
6385 3902
8447 828
8378 3578
3292 2156
7058 8349
17 2389
6219 8325
4163 9225
1457 2708
9236 9705
3615 7826
4820 3674
6292 7666
6368 8659
6265 6937
8209 3728
839 7734
4556 295
1311 8927
3530 9448
8355 4627
1837 4573
2951 6000
4877 4408
9787 4112
5191 3401
1938 10
8154 8230
8756 4521
7967 5020
2537 7254
8748 3376
4987 4382
4750 7377
4388 8281
6825 2742
2907 9741
7315 6937
6819 2191
2423 6605
7383 7614
1084 399
8703 9238
9708 7458
4838 7674
2477 7375
4927 2303
1829 992
6686 6579
9448 2152
5938 6272
4894 8845
7091 3287
5781 3909
6558 8204
513 3940
6896 1597
5418 5599
1914 5125
4135 6752
2798 7692
5205 8804
9995 7034
874 7759
4691 321
9911 629
7673 5883
552 4763
9171 6334
9752 5728
5616 264
746 3591
2941 6164
268 4855
1288 4403
1606 5165
2094 7890
5047 3168
6002 5921
2005 692
7321 2995
2400 4993
8878 2953
835 8048
365 586
4854 7060
850 5600
650 4870
1763 918
9725 4130
6401 2409
9295 9574
298 5420
3820 6300
1340 5826
8072 8662
8821 471
4733 8777
4503 5568
7904 5947
7233 2757
3007 9163
9437 4736
4032 2278
6734 3757
6409 3134
7245 6782
2707 7544
3281 6528
3843 4621
3432 2993
4361 3331
3465 173
2107 9047
6820 1089
4994 4053
3847 9080
4294 4362
4894 8326
6640 1627
3161 4127
4761 406
1988 8548
9029 5269
6154 2871
968 9586
6944 6409
3995 1487
6582 6102
533 4480
7192 6606
8533 2117
5685 3905
7558 579
2231 4197
3285 6471
9404 9126
6877 2470
7673 5905
7739 4905
9856 9786
4490 6799
6194 8485
8286 3854
5665 9898
8335 3935
6504 7946
7131 3267
1851 4688
4925 5161
9965 8211
1631 446
7336 9588
2916 6087
6571 654
991 6426
439 6560
4303 7713
6123 3667
1566 1787
4644 979
6802 1147
8926 5011
4414 1855
9700 9340
7016 742
8629 9726
1188 5964
9313 4104
2050 5884
5837 3041
3388 7355
9601 8771
5067 5723
2437 7713
8589 7081
8692 6469
9307 8696
1480 4800
1629 2258
5218 8645
3000 3846
9450 5267
9810 8762
9371 2938
4645 5207
5979 9113
3640 6658
7883 8708
3459 1398
6420 3126
9559 6190
9596 8865
5965 2154
3664 7594
4412 9961
7318 8491
3806 6767
3757 3615
6607 4206
7632 2331
491 3610
1443 4131
1346 9326
3917 5884
1802 336
9011 1360
7606 9685
1304 4649
1838 6047
2242 7329
6008 638
6898 9814
7405 654
4508 4012
5939 2139
6343 6430
6829 8865
1639 8175
9269 5557
4059 1070
6972 4148
3510 4577
3832 4814
9226 6749
860 2547
4077 6868
3185 974
7761 1669
2707 2268
5681 8646
5486 3102
6154 2314
1966 7793
1568 1234
3349 6706
3383 321
1932 6893
5977 5764
1706 6282
3591 3646
8829 8747
1592 3092
799 9353
4761 4585
2699 441
3230 8186
4622 462
1578 6588
9334 4225
8901 3762
930 2284
4083 2862
9177 1138
9705 1962
7420 3295
5608 7327
3120 7200
419 3919
7632 5180
8504 330
6701 2812
9595 1322
4353 1173
8990 3687
5398 7890
7449 7408
1252 2610
1348 1508
4827 1053
3470 2247
5427 156
652 9627
7356 2150
3545 6066
7331 3128
6397 5110
5940 5991
6432 293
8243 6500
5059 4720
4390 2507
3206 6721
6196 4554
8229 1022
6686 2777
4348 3192
4012 5001
2818 1368
7151 6363
8513 5560
9491 4909
669 6510
1979 8181
7882 1300
4680 2940
6020 148
6526 9226
6870 2721
4859 6177
3743 1544
33 8092
4736 4045
4171 7554
6492 2400
4996 5005
9040 5565
992 787
2074 2971
8968 1034
4272 3648
3974 1370
4875 499
1675 2823
3220 6534
9001 8043
8078 112
7213 3893
4157 2462
2525 1728
5941 7521
6733 4980
4165 7725
5768 7318
1775 5814
8353 6047
540 2326
8496 5416
3905 170
8239 8204
6704 8318
6246 5861
8430 4537
9754 3666
6999 2278
5394 4019
878 3205
8999 5043
929 5845
2360 3783
1659 712
908 3278
4118 9405
8694 9102
9575 8012
7305 7358
6329 4630
3218 5838
9167 4050
582 7245
6328 5976
2342 8285
9181 1340
3327 1188
8265 6767
4972 1002
8558 5880
4280 2675
6363 4053
1776 5938
2064 160
4374 9472
4790 7592
6388 5035
1641 6970
3358 9048
4024 5700
8412 3204
8120 2817
5472 6384
9584 1522
8465 8142
8481 2744
1895 4844
7876 3672
1860 1018
4911 6234
490 9701
4904 7957
4735 7624
4927 9173
7750 8951
4872 6161
3234 4070
8979 9785
1532 8562
1306 9997
7782 9787
3820 9678
5709 1695
4428 7569
2714 9339
4881 4283
117 9785
3318 5931
7408 8245
5103 5158
8275 1054
2397 2587
5124 1375
2371 6657
1016 4756
6653 8798
5621 472
9554 1330
3247 3981
9978 5961
4398 4859
1322 4515
5722 4640
446 4209
3964 5549
9367 3317
6603 1763
5904 2806
4218 9354
9463 5234
5188 7194
5110 808
7667 4664
3217 1992
8645 3195
7953 4122
9133 353
8637 4854
4993 9083
141 35
5711 9508
3352 3392
2350 334
6198 7647
9688 6739
2880 4875
3933 7990
6763 2678
3732 9980
4670 3456
4253 3701
7578 3385
4054 6214
9319 125
6376 9460
161 3165
46 3513
7636 3475
3848 3834
1121 4614
1651 5080
9490 5584
4148 6252
8262 7881
7310 2931
1336 1563
6632 9993
6027 1764
7285 6424
1890 3660
6963 2051
7904 7009
5564 5540
1562 490
452 2683
5105 2103
7763 5673
7688 1910
3003 7028
869 312
1038 2205
2954 8749
2197 8982
513 9483
6484 2403
4221 3446
5533 2125
1533 1096
8744 3095
2666 9196
6857 7771
2377 5698
4522 64
7609 7525
8172 9557
8916 9210
1762 1870
7958 5038
1930 8471
5599 8414
1952 9821
1860 7485
3024 3393
9661 2846
7568 2326
2041 4424
1175 4418
1201 5697
5562 9889
4300 4812
9445 3215
4021 1206
5085 3057
7324 7015
2607 2922
5429 4559
3821 8368
2044 7924
2839 2783
769 1485
5109 3889
6989 7363
9387 8190
4138 6027
8078 8438
838 7522
1652 4859
9808 6738
8995 7131
4831 1601
1131 1338
6161 6032
9706 9284
3955 3624
2066 4725
5109 8254
9693 2097
5616 9079
286 9754
5105 8364
8191 5943
6965 921
1880 6772
7659 875
4981 3569
2476 6112
4907 9716
2143 5692
8999 7178
9316 2143
1902 4424
396 1594
7601 7091
1752 7887
7923 6857
7330 6113
3879 4294
8114 5759
1065 6851
7713 6046
419 189
3236 5327
9905 6459
2097 9983
3636 1412
2125 6617
6915 2522
9290 4515
691 1041
2402 8615
8978 9732
5806 2856
4025 3919
9694 6169
770 7407
3293 1189
8675 6529
7595 9658
4066 9692
9640 8781
2182 2844
6476 9098
5366 5766
3612 6057
7886 7093
5750 6863
7903 1556
797 3006
5475 491
253 6245
8977 3546
8514 7651
1154 6108
8387 6299
5800 9106
5080 9061
1949 1555
8158 7315
8400 2849
4450 6286
1020 200
3148 2
2835 5025
4087 8310
5516 4341
5634 5571
7887 4147
3221 119
254 2686
6419 7133
1791 2577
6194 3740
4132 5430
2133 2532
8279 6584
9897 378
7863 3044
380 697
9148 4467
85 4663
9887 5719
233 7774
9866 4533
8972 1199
7220 5390
8332 9011
7967 5604
3830 3178
1034 5963
6789 391
3625 6685
769 2566
807 2228
4342 9956
7775 4428
5697 7661
146 5931
6513 12
1542 6564
1211 9841
1953 621
9931 999
6226 3760
5256 8339
9723 2044
9809 4427
8729 1657
6993 614
3885 1335
569 2738
5763 6267
1478 6988
3276 7991
8079 5897
4554 368
5738 7587
990 5668
9665 8295
506 4920
7712 1307
8043 7520
5734 7850
9177 3806
8464 4141
5141 9034
6879 1982
6379 8357
8970 9655
7427 7049
5551 3059
7417 2367
1724 9486
9114 1388
8859 9620
7387 6570
2006 5429
4090 8819
3278 4345
2624 1742
8486 8844
1854 6444
825 8233
4800 874
7887 3305
9002 4516
6365 7497
6884 8089
6983 7076
556 6920
6696 7943
3490 9781
4451 8659
8599 7729
3003 2302
549 1489
1145 2403
7933 3050
635 3811
5003 9601
8196 4004
5196 5639
1500 2079
4806 9562
9155 5362
6482 6929
4384 1050
7788 8835
9709 6387
6563 2711
8689 7113
5279 912
594 4290
5041 1230
8102 43
1909 6297
4047 7105
3014 6627
262 7820
7267 496
3182 4827
8504 7566
5877 6292
6400 6664
2678 4041
454 2445
2232 5733
4436 2827
23 9478
5136 9204
9521 7045
6579 4647
5229 9593
2352 5491
7412 9619
7066 1672
5525 5570
9238 2480
1861 6716
9145 5618
1836 9599
9142 4068
6410 3577
6895 6433
4133 2030
5636 3654
154 2214
9380 5383
2885 1731
1952 297
1349 9019
1969 7953
5667 2286
433 7528
9002 9578
3145 1916
254 3365
5985 6664
6942 3958
4176 2154
7068 9812
5808 7222
3105 5187
3683 5990
7997 6714
7366 9346
6811 9336
7299 2477
1621 8811
4 1701
8388 4228
3618 9721
8672 681
6384 6693
4639 1638
8847 1706
2529 5733
6 6713
919 4768
2702 9995
1482 1147
418 8293
482 7717
1849 3182
7606 2932
5962 5993
8240 658
6792 6911
1339 4255
3603 7058
5893 2449
8764 8422
8182 9850
5134 179
4617 8916
173 6099
62 592
5471 1623
9388 7320
5884 6994
1330 2924
4065 9570
4662 1936
6481 7080
6191 1162
4137 3162
3612 3980
1584 2872
3829 7797
4131 8446
7791 4304
5624 8932
5975 2173
1633 6442
571 8596
4514 1901
1520 8579
1471 6182
1593 9031
3261 7784
192 8478
946 4883
2457 3609
7756 7365
2484 1886
5810 1354
7269 2512
285 3244
4685 2998
764 5256
1593 5278
7158 3113
4935 9708
373 6529
8738 3635
5391 8930
3191 6337
3813 5648
1024 2647
3012 4588
4533 9901
5942 1801
3492 6227
6124 8177
9225 6888
3433 1897
3244 1669
5010 8180
1376 5384
4708 113
97 98
9043 4367
7515 3934
14 9618
6581 4105
4205 2192
5084 146
5073 8576
7453 1196
7832 7756
9164 1264
9653 2407
2933 4663
1665 4309
1125 6373
5501 2301
7551 5622
6668 5065
9557 7761
4682 7216
2944 9967
9409 8028
112 4481
7683 7565
6756 5514
5321 5919
7857 4973
9406 1868
714 1070
6177 2918
8523 2756
5219 6073
8378 1886
2216 7934
725 7977
5150 3669
7943 4558
2776 9135
117 458
6699 6873
7051 3098
2792 4907
9151 3276
6775 9865
5425 4030
3862 3947
6786 9081
1098 6242
2046 4393
4176 2771
3449 404
7520 1391
6041 295
525 6158
1832 8304
3030 8883
2480 6901
4868 1630
1255 2721
2574 6681
6751 6436
1706 4615
5516 2805
856 8641
8277 6111
1412 1725
7594 10
4196 4713
305 4721
870 2137
4103 4980
2098 6584
2959 6966
8214 4215
9687 787
1974 7516
8302 3680
3209 3818
7564 5144
2458 5841
1255 4949
7566 9928
4959 1761
4641 6343
7562 6590
9559 1664
2648 1656
9327 6687
8622 8620
901 9387
9407 2875
7981 7709
7634 1189
2605 5198
6334 6142
1038 8668
2170 9683
9674 8208
2523 4314
5630 84
1983 5188
2827 5710
6845 2154
2396 6545
773 4376
5932 1258
8330 4991
45 5964
6181 3729
2240 3593
950 3278
2260 3120
4039 1933
2406 6562
7327 8036
6646 388
3224 552
6098 1147
2706 9574
7692 4558
3949 4702
6895 2279
9694 8020
9322 6953
1748 1561
545 2698
5918 2805
6897 9957
5817 382
6519 3143
8418 4243
4610 2720
4795 1787
3867 8580
1360 1559
3137 5309
6261 1111
8667 7033
9131 7988
3985 878
627 4530
4656 6545
8414 1552
6502 4231
1934 3020
8453 1431
8342 3063
4151 3137
4850 8019
1716 7289
656 5933
2597 7996
7044 2343
5029 6174
1409 92
8131 2037
4623 2786
8582 4115
5418 5083
8346 8431
9182 7878
940 7524
2019 5092
1739 7948
4189 4534
5236 5924
466 8912
3919 8589
1254 26
4762 2664
119 3972
4701 5821
6758 4361
9936 3254
9445 9361
2764 9705
7238 3704
8307 9257
9875 45
7204 5142
5659 3518
1065 6125
2429 4985
4714 3684
5011 554
7427 5130
4526 3206
2029 2363
7567 1965
6696 8090
1325 9460
7795 9642
3164 7180
8898 4117
8305 7180
9260 3963
697 324
87 4205
5309 5880
8968 1399
6435 6394
7608 2039
9600 9638
4402 8246
2681 1098
6335 5085
1636 5208
4726 5879
2388 3623
9997 1771
1881 9256
5734 3657
658 6900
7862 7047
2780 6830
8446 293
3223 7132
2332 3902
6769 7814
2147 528
9991 9561
5613 1626
4769 338
7506 7157
5040 8581
6 6921
8915 5740
1656 9573
2639 9519
6619 6498
6348 6143
7870 649
3275 1281
5630 1122
9095 8856
1651 9085
8417 7264
1789 3185
8682 9295
1420 3721
8954 1426
1721 7868
8245 3377
7441 1962
2895 5138
8461 321
2360 7409
2050 6714
8690 7680
8915 7784
6536 565
7947 6031
8909 815
9216 8669
109 1714
2389 142
4219 5189
8010 2463
8567 6529
4425 2540
2746 3964
2862 5106
1373 4912
2898 62
3670 1812
8926 1284
3457 7951
7315 3444
8766 6530
2112 9955
9323 5580
96 3541
769 9185
6004 414
5714 1508
2954 8460
5472 6895
4644 7924
2885 7542
9066 6556
9354 9070
7840 2810
8099 6234
6254 6865
2763 9445
7898 3165
5025 9073
6706 6873
8257 3789
7287 5049
6376 1319
3508 2926
8215 9231
850 1099
6772 994
8734 6126
63 7653
14 8162
3886 7348
6105 7728
6792 5081
892 1816
4153 8678
9768 3489
3545 7054
9617 9921
8374 3125
3925 7667
3434 5854
8766 206
6848 8579
7411 6911
6231 7425
5073 116
4772 2256
8923 2643
7338 9816
5538 1490
9572 5306
6058 3116
2359 5675
4115 1811
9879 9119
9478 3312
4973 9323
4597 1820
7901 2007
8732 4131
511 4883
5326 5283
8218 4248
9005 5555
5142 4543
8125 5792
9849 4182
9987 2207
935 5180
5098 813
4299 4575
5205 9272
3897 9802
2170 1797
2888 901
7007 3399
6863 3411
9761 5081
8739 8766
1714 3880
3308 9839
751 3156
5100 737
6442 6035
5918 2618
7928 216
7194 3132
566 2169
4012 2736
3967 6900
4717 2052
1377 2658
5464 2217
7739 5281
982 9454
239 5369
370 990
9604 5470
1728 7124
1505 7646
9743 9433
8941 6936
3643 9507
9105 8734
2242 4150
6713 8038
7282 8090
696 3824
306 8435
9105 2367
8967 9344
7736 9338
334 7339
5886 2062
4463 7391
786 4205
7902 9727
2219 1544
9233 2402
278 2553
6553 6991
1670 3834
6159 2366
7658 6466
1879 7841
8833 846
7184 7648
1262 7518
4986 7148
658 527
5618 1444
5811 3519
2249 8030
6143 1481
432 6421
5114 8064
4490 6784
2976 648
9150 1712
8193 2107
9553 8105
4032 6736
5752 6373
5333 1816
3521 5991
2344 217
8515 9234
3736 763
8343 9879
3324 9854
7378 9517
7917 2946
6300 892
4674 6528
3683 2866
9714 3235
970 3746
1049 7801
118 6382
9618 4718
3452 3040
4935 1966
3352 9751
3808 1694
707 7132
1547 9165
6648 542
2110 4026
2513 6784
1632 6196
729 1346
9431 2778
5092 480
579 6289
7941 1275
1007 1392
5394 5942
4437 8746
6771 8246
440 7479
5377 3066
6643 3104
3609 8753
7130 6122
6616 9842
2318 7345
2266 2827
1201 8437
3307 2859
4725 2327
4134 5732
3719 606
2753 8157
9353 9524
6402 871
8081 2857
3937 4723
7040 7546
3476 4170
4747 1170
5090 7065
9594 7356
9892 794
5792 4278
3654 1595
6605 8867
8407 1402
9474 1159
637 9905
1761 8118
775 9843
975 4712
4565 8015
3337 9120
3263 8084
1368 9432
6227 961
6787 7197
2835 3657
2553 7568
6332 9158
6434 4738
1639 6986
6976 2276
6890 9816
394 8744
9658 1369
4535 5302
462 7872
5500 4805
7034 6869
4236 4339
8909 2102
1535 1743
6838 4089
9311 3169
4325 6824
8986 5964
4888 5961
8241 1778
5777 9714
1600 6513
1082 6135
2893 2623
5085 8394
8507 2118
6341 2743
6457 6328
5924 9072
9151 2761
3160 8461
7010 8564
6363 5995
4528 1251
3035 3847
4108 8812
3560 5708
6403 5721
1843 9297
9423 6928
8769 7930
125 6188
672 7661
2515 6596
6732 1665
435 970
1205 8524
9535 7568
4519 5141
9898 7554
8988 4005
7444 3626
9714 3846
9347 2635
4221 8769
9563 2989
6698 766
9177 8449
8428 2771
6123 5159
4436 7638
7209 6720
6161 6743
4288 1758
2962 5264
390 1949
9270 7834
6654 61
2759 6000
2696 8059
5847 2258
1048 3624
4104 1303
3151 2531
4074 9275
8769 9590
7991 5977
6309 4151
3798 1675
5910 6760
6940 6300
9788 7288
5213 6441
7349 9051
3519 44
7109 9367
3381 9236
4069 7485
1618 7220
15 6771
7573 9864
6360 5563
6919 3748
9715 717
6502 6703
8556 3441
4081 8344
1807 372
5863 9156
9423 9383
278 7611
9828 3660
7925 3896
2223 9543
2194 3318
6314 9768
3181 3752
5330 99
8579 6123
1895 5081
2825 451
9601 6907
9874 1408
7279 5736
1642 7781
6197 1921
6470 6024
5581 4394
998 8883
5016 4272
2200 2408
4039 5381
7239 9369
6560 5818
5492 8455
898 9396
9985 1577
7381 9858
2985 4660
6673 4628
3519 2869
7628 9989
9973 4287
5461 2049
3169 476
6321 5370
2884 1438
1829 123
807 8389
5941 7378
6844 7918
7852 6828
9495 5233
7765 3559
971 4437
9266 4490
8385 6893
5557 9436
2258 1017
2564 5427
1494 8885
1875 5457
323 3705
5580 2209
2093 2599
665 15
1595 9596
7923 2169
4828 5687
6807 5799
1202 6072
1367 665
4043 6924
101 6301
9021 2665
2806 514
2628 4682
7050 4030
9466 3709
7318 2637
7387 9062
2653 8983
8658 1654
2230 3485
7341 9037
363 9622
5108 2809
286 229
9734 387
7609 9833
4131 414
1425 7839
6175 8475
2947 6719
2183 265
9357 9571
405 3088
9632 9063
4742 1861
3627 3161
897 5069
2782 7084
7878 3068
7313 8690
3456 4921
8522 8666
6414 9947
6504 3668
8422 530
386 1683
795 821
2332 2279
3909 1963
1342 9730
3824 6048
2890 5800
1116 5672
2883 8994
8741 195
7684 3275
6195 7284
1940 3688
7231 9524
7356 6731
53 8821
9493 1927
721 1825
4206 5709
3788 6627
5439 8692
2674 8329
4491 4869
5080 7375
4942 3820
8649 3704
8174 4844
987 1192
8532 9297
715 6966
6027 1847
6865 5520
4853 7586
7345 138
4374 2211
7844 9813
902 1597
9220 5394
6466 4299
2768 1407
9198 2495
5111 7371
7339 7178
8564 6949
6474 357
4993 3580
3284 1858
178 9216
522 8602
9354 4896
812 8277
5787 1715
9874 6086
8188 7418
384 2034
9905 661
4529 6094
8032 1868
3271 7674
9896 824
8032 5968
4404 2394
8905 4582
1609 9427
3183 2042
5402 5074
318 2267
6789 1270
8353 6055
9767 9817
8089 9671
477 2618
5765 9588
5565 114
7262 6539
938 5293
2506 5342
8766 1410
1002 374
1916 5264
3495 7318
338 3813
663 8206
6162 9017
4261 5929
9912 2349
5599 388
6046 2442
9976 1610
2557 7237
8150 4574
3608 1734
995 2373
3145 1997
3827 5061
7262 7322
3457 7600
2214 4120
5805 8376
4215 1144
5383 4126
3494 2061
4514 9540
4503 5569
2229 8139
3884 1457
3792 7493
3191 4787
944 7415
7863 4771
2475 5124
3172 5932
3802 5386
1131 686
4840 6425
1830 223
551 6403
2284 6144
5943 7866
2791 9251
7084 6676
1786 875
4168 4977
5662 6191
2392 3524
2041 5946
9728 5213
2957 4608
1677 5167
5294 7596
1591 8204
8898 2142
4606 2260
9366 1627
126 2156
877 7210
8832 3742
9164 4078
8720 5904
1348 2190
506 3389
9215 233
9681 2171
5921 1357
8417 2293
31 8
496 8930
3229 5103
1189 2594
6730 2394
5830 8687
682 4661
2428 9846
9819 2226
5749 1166
5495 6256
4555 5789
7568 5314
9039 4567
7750 7456
6861 7781
7464 7357
6710 692
3538 8979
3287 1347
1372 9117
33 2055
4856 3540
1900 4674
6846 8729
6919 3419
6063 2552
9208 4709
7866 8247
9277 5615
5702 6137
3396 4244
4572 1184
4936 8111
162 9302
9458 1535
9497 569
3590 5432
5188 6569
1184 2033
5297 8104
6532 1359
655 6818
6069 9601
5064 6424
5215 1844
2560 9690
7167 7132
874 2103
6321 2115
2483 5778
3650 1980
6347 8319
8491 2614
5967 9675
5726 1263
7778 2257
3702 9513
9076 849
9113 5218
8352 5406
8142 911
6175 5308
9122 8128
8490 6522
242 973
2299 4972
4032 9726
4369 2522
2339 335
2196 8065
2678 1053
1401 7459
1644 1555
9387 1835
6773 7738
7241 5993
9728 3415
1301 9928
2621 9791
6449 2864
1842 8749
7836 5874
9553 3283
9475 2970
3619 1671
1034 6297
3803 3514
4834 5447
5069 4220
7282 1842
1957 5601
8914 1684
95 214
1611 2716
1084 8061
5580 4005
7888 4494
9880 8519
7778 9354
1488 2475
2103 3601
8772 6985
7116 3605
2431 2184
7825 9713
5105 860
6393 4019
2544 6488
5312 5234
9204 7475
4373 5863
1480 3339
356 2438
1857 9213
2870 4424
1687 4974
8026 1537
3037 6220
5142 5469
8404 4045
6260 4588
5984 2652
9686 9607
9140 6076
5920 9423
3551 292
5285 6110
4711 6720
8548 7647
5933 1417
2071 7620
7470 1175
9158 507
7395 5378
5976 6877
502 3314
1464 7565
5967 2228
7172 6185
8305 3091
5607 2934
4462 891
9044 9173
7612 7591
6820 4623
86 9970
2242 7557
2223 2478
8064 9618
8936 5118
7573 516
9511 116
8081 5477
2344 5252
1662 1727
8343 8348
4661 3884
9240 3704
3056 7930
2373 954
2552 2460
2002 5873
16 4225
9431 9159
4921 8366
5355 2494
8882 4865
2610 6962
1421 4954
3293 4162
6682 2714
2509 2421
6598 1748
6126 733
756 8499
1687 4387
958 4769
260 2053
8994 769
1211 4994
9135 7645
7488 9095
2510 97
7135 5010
6130 427
9172 3890
4221 1680
6312 818
4508 2437
1551 5264
2014 4318
730 4052
9087 990
6105 9159
2838 8396
4152 1972
6040 2718
2145 9629
2815 358
4638 24
786 3809
3914 6086
6569 225
7983 1076
3741 613
7419 5756
4931 8149
886 5096
217 6991
5333 3055
5386 564
6106 2505
3282 8251
2133 7177
8610 7851
7201 474
2738 1114
6560 9307
2419 5621
382 6160
6234 7802
2994 1164
5950 3880
7339 7247
1950 2672
301 7336
4315 6408
919 7597
5737 3053
4773 5425
1982 3052
5899 4720
4167 3537
4027 7665
9159 4409
4903 5392
3289 7898
7636 318
2856 6053
7565 4806
9804 7866
3221 4118
5352 4140
2794 1089
8272 7567
6514 253
619 3492
6053 5865
8108 79
3529 8345
4488 9511
3737 8857
7408 2451
9175 1343
8504 6739
7228 9387
5683 1527
3504 1035
6747 6298
3203 6097
4944 795
7430 6642
5366 3482
3585 3474
3561 8193
1818 9128
7703 6634
7984 6190
163 7158
7533 9747
4975 5839
9133 658
7367 2636
2772 4113
13 7054
209 4957
8928 8718
1598 4294
2199 5183
8847 5760
4454 1743
4888 2156
9457 3950
8346 9620
2187 5878
9366 7162
1717 8498
8899 162
2213 2749
5354 2226
881 6642
8262 9810
5360 938
5182 7559
7200 5107
3319 1653
6850 9286
3809 6306
3235 2155
5926 6501
9112 6370
3663 1907
5947 3640
2069 8160
6390 7423
1464 7271
4065 804
8159 9425
1742 4419
8062 8942
9526 1380
594 7455
1744 5482
3760 6059
7637 764
2559 7828
7135 7301
9735 4160
941 2883
2319 7331
305 4862
5680 5449
5666 4918
5952 8487
415 4014
7428 9942
6473 9101
7396 8218
5661 2234
4276 4377
2999 7914
2204 1212
5215 1938
5372 6156
4821 8770
4565 6206
4710 1323
1654 1454
6241 7607
9941 6657
2699 7368
7677 9172
7547 6151
7389 3207
8385 2743
7584 2462
657 866
3674 6951
2805 124
3106 8705
9973 8750
5989 4682
72 8723
6136 7393
7408 7155
5128 106
4522 2804
9278 3147
8955 6667
7434 8418
488 5017
880 1145
5884 5633
9175 9768
6837 2280
9551 6809
1029 6619
2570 2181
5341 9785
9574 2748
6940 4701
2854 2540
8584 2131
6767 8617
9877 4200
7034 365
295 8993
2589 7258
5705 1764
8104 2541
5123 7655
428 7232
5352 4077
9413 692
3862 8986
4519 1880
4765 7373
5499 3348
582 2265
3043 1538
6465 1155
2982 7840
1227 6650
5097 6932
9493 3201
551 4616
1934 979
1847 7286
6136 1259
7978 1076
1323 3575
2956 7167
947 8455
1593 2608
1799 4636
5225 9343
6870 9286
7182 8097
5936 2279
5028 5428
5480 6658
43 8493
8717 2969
5778 4852
5307 4834
5928 7709
8409 9963
4875 434
9496 6468
4121 1294
2182 9347
637 9053
8632 7819
7149 4567
1176 3256
1074 7735
992 1117
6227 9709
5166 2004
4560 472
6838 1566
8182 5246
1528 4135
5680 1024
603 880
2318 3864
226 4034
3995 9937
2932 1144
4504 4108
5479 6657
1843 6471
7774 9149
6180 4018
1153 1818
4491 9070
4464 3751
5395 5992
7886 2153
8095 9568
3033 1492
3432 4338
5526 7427
4275 9537
9650 9858
3645 6207
6514 6567
3757 5366
5715 1015
9385 7947
2833 3875
8096 7297
8705 4569
4368 6590
6722 2462
6158 834
5033 668
5172 1638
9174 9447
1174 9903
9304 5898
6109 5817
2464 9866
1183 9259
880 567
8284 4793
5521 7458
3168 4225
2026 8615
1893 8749
2156 9130
9583 7189
9798 4754
8827 50
5280 1080
9953 4583
6978 7140
1479 521
8085 3741
9780 8965
5387 9142
4836 1986
6600 9084
6211 8626
8777 9183
8453 932
8313 9114
9201 9189
4947 9106
9239 226
185 269
5888 7164
7410 8446
7685 5494
2186 8543
5537 7573
8763 1452
9559 5362
1614 6848
5067 390
6031 3519
2402 5422
2633 1602
4610 7580
1786 4928
8885 1972
5197 4772
214 3685
3218 8978
257 6483
8599 5795
5135 7361
8326 4693
3802 9940
2620 8869
329 9730
3466 2731
5151 7178
5412 9761
5836 7199
5767 5799
249 964
571 1542
5728 4868
1598 5986
2429 196
1780 7564
8636 105
3336 3516
1123 5956
3463 1452
5685 8009
5263 835
5186 1753
1674 2101
8952 7442
7900 279
9485 9550
2900 5212
5496 4498
1197 7926
5773 4056
5489 4409
5240 8825
9004 6363
5859 2467
8895 1543
475 4157
3457 6740
6989 5132
8841 7020
3652 6741
7299 3136
6290 199
8348 1786
4697 624
9712 1549
4680 6279
7037 9921
6183 6040
7362 2041
9586 6256
4664 60
1491 8121
6801 8481
4331 6720
5500 7983
3460 3877
1118 829
4076 545
2615 9853
1169 3405
1401 6928
762 8438
7927 6945
4477 5289
8987 4063
1544 4729
5202 4115
2849 3081
2595 7181
9802 9174
6242 4340
3050 8440
5169 7127
8985 8863
8058 1232
3346 9459
8160 4109
8975 6087
1053 4530
2454 1118
9672 5077
5847 4874
9192 9776
9034 1786
8035 9914
959 4276
4254 5089
2715 501
2215 2778
9365 272
4010 2710
809 3249
7898 9784
9336 8952
5392 2868
1148 5064
7945 8075
1016 7137
7850 49
1 5884
9964 2040
1238 5296
7129 3954
5797 422
7811 5161
1773 1821
8951 2582
5070 6848
3444 5484
6878 9915
8352 8027
4978 6296
7180 5994
4511 5029
7123 5592
1991 7086
7632 3229
3460 5839
8262 9257
6261 6073
5497 9113
8973 4447
2773 4042
2373 6217
604 330
7210 8956
8357 2188
6330 6615
9261 1920
1643 6383
7512 4713
4547 6222
7942 9086
2060 7283
8343 9400
4434 3839
8512 3406
9365 1284
8527 1737
8580 9131
2067 5789
9165 1502
9056 5494
8117 8317
8493 838
5778 6004
5551 1404
3304 4572
489 5364
1854 9911
5842 6288
3749 4353
772 3113
5637 9299
5930 5295
8429 7997
1084 7593
578 139
4165 8695
9535 2658
612 6392
9741 6163
8875 4124
1813 9364
9488 3667
9275 6409
1033 4102
761 1805
7216 7478
1103 3145
2772 610
2220 4935
8203 2798
6154 3447
2572 6767
7184 4263
3158 8003
425 2032
2126 2239
2475 1614
6985 2828
8023 9098
8009 9863
902 5224
7340 3085
9448 1191
3695 2747
7205 1898
6624 3358
5345 9196
125 3607
3458 4362
1609 4963
7474 3736
8281 1027
6429 6344
4934 5530
5441 2942
5392 6344
9246 3811
507 8693
6081 4202
2518 3285
6100 9143
7723 2523
9417 8927
6130 3954
3288 7740
9996 1840
2554 8276
2867 8983
5698 8880
4512 1139
1822 9904
8562 1067
4793 9069
838 873
3270 3357
5238 449
2499 2960
4051 1915
1886 1260
6948 6253
9000 6943
9173 2632
5218 3118
1614 1995
1998 6126
3134 3820
7108 1695
4887 2980
1842 5725
3853 5112
160 169
6640 2659
3129 691
5654 6094
1951 2601
3426 2029
9545 2598
4661 5841
5716 7354
7836 8793
3479 2048
2612 1665
4822 8578
4645 6664
5382 9578
2855 5542
9747 573
9281 2876
1264 4934
48 4294
8614 3474
6323 9237
7151 2062
5078 2867
9416 3992
2738 3973
7120 5351
5639 1941
5007 283
9685 388
9861 2539
5931 9608
3112 6290
3562 5456
1223 3610
9750 915
7085 7152
152 5314
9214 6309
8181 9709
1379 919
3681 8499
7349 9320
440 2355
682 124
3823 1621
3742 832
1228 7933
7122 5869
4467 9424
9480 4217
338 7643
2447 490
2956 2739
7878 2216
2447 9258
4214 6129
7756 2641
6527 9275
6075 7209
9399 9898
9910 4219
729 1137
3231 7851
8086 7698
8353 8644
2993 8692
7365 5440
260 1399
8180 8139
3615 626
8475 8908
7834 6230
1548 5440
6584 7624
3727 5982
8600 3636
1280 9330
5853 4511
8259 3938
2208 6612
2581 5202
6382 9946
1720 6642
1344 9900
5859 6039
1605 4333
4946 517
1642 7574
5957 8226
6276 9685
5286 4875
4399 7645
5283 251
2155 3542
4189 5443
1232 7849
644 7614
7794 2364
4255 217
3343 1193
7335 6027
6605 3359
6544 8247
932 2501
7551 8287
3264 3916
4241 7663
1560 9524
8994 4795
4144 3182
237 5376
1031 1960
2989 9904
5403 8324
1199 8746
595 8534
4772 7200
1893 2395
6526 3904
5975 4076
2191 317
9071 6432
7980 631
7034 6973
5426 1178
1234 6742
6554 3344
8702 622
4326 4104
8946 5526
3929 9541
5138 9780
7819 8110
3253 4344
2014 9228
9500 5284
9545 8570
2794 8604
279 9828
6655 5705
1005 7889
3525 7560
2311 2226
8182 6638
7410 8206
3242 2417
8825 9459
3275 7722
7569 6529
2066 9583
5756 1565
4866 6380
1213 7660
4983 1493
8566 1637
8277 9572
9527 1802
8210 2916
4028 6391
9554 2516
5675 3874
6012 5578
3333 9288
3299 901
5816 6444
1562 2650
8009 7507
9030 9223
6245 4012
715 4810
6729 8992
4381 7334
1872 2590
249 5901
59 882
9496 6813
4756 5508
2390 9168
5874 6769
68 1689
3212 1630
5418 2300
9137 5527
2601 5381
9539 4395
191 6267
3386 5651
4679 6338
8242 4929
2238 9380
5811 2812
6193 1645
9399 9662
813 5272
6430 1960
8040 721
3591 3458
3021 3806
8985 5622
266 9602
16 1536
6948 4481
8266 1626
818 6507
7634 4135
6966 3444
8027 3158
5090 7425
2819 6982
2697 328
8942 736
1049 3611
5273 5149
7418 4257
770 8763
4938 1865
1377 2964
6346 9643
4590 8244
7229 2224
3457 4194
6747 1483
7352 2915
8909 1249
9897 1605
2656 8839
3420 3705
2449 8694
8854 945
4029 702
786 8967
2567 2163
1930 9993
2885 7600
8236 113
902 1692
5386 7649
4255 2737
564 3163
5065 1539
5847 7722
1456 9267
2505 4985
7960 2438
7009 1989
3140 7796
2034 6787
1037 5044
7858 3922
2643 7172
5114 3545
9943 499
2272 4197
4315 3915
7360 459
5455 3206
9260 6911
2473 1764
1895 1511
5281 8905
3500 9501
7779 6614
6287 9895
1657 5223
4896 4300
2394 9
8924 2336
1588 1195
6534 6982
5111 4972
7441 1644
8179 6700
9634 1730
8465 1529
3241 4824
1512 7821
4324 369
4434 1689
263 6091
6912 5159
1469 9306
5169 1471
1642 7836
2666 9255
4817 8856
4226 2258
1578 3483
8958 1212
5213 8501
3820 9534
4404 5332
7354 8728
5701 2866
417 5964
8957 7329
2202 1504
6635 7371
2975 9356
6285 6720
9689 1101
6655 3914
4438 9312
8477 3396
523 3689
2975 4343
3222 7379
753 1654
7186 6454
4520 7603
3497 4555
6010 5699
6059 2644
4148 112
3078 432
7912 3845
2612 5645
8839 7051
4956 7315
1525 5480
1003 5579
901 5305
4037 1655
6959 1222
8109 1479
8825 2684
6034 4834
9462 3172
8558 3609
4363 2714
5120 2274
6560 7733
7919 5398
4783 2875
2712 6308
9434 4794
1886 334
98 5923
1989 7058
8224 1177
9616 7048
4940 5649
2961 4402
9900 2597
8011 4263
6390 3131
6537 4028
1942 5535
9426 6725
9489 3216
4111 8922
9090 7076
334 9188
4078 3403
7324 2301
4580 8018
428 598
4746 3389
5000 4645
7065 4090
8908 3454
7221 6524
8562 241
3137 9066
8045 2625
2282 2155
2625 2450
9231 2959
2716 3308
7441 40
6689 2020
9137 7117
2619 3882
1584 8698
8528 8649
2787 8514
3181 1086
6116 1742
1327 9253
1887 9372
1877 5248
2605 5581
7698 1836
8541 413
6223 5981
1532 2911
9081 669
27 2778
4551 1611
2554 3078
1338 5342
2671 5599
6428 8787
8420 8835
8040 306
8206 995
5554 811
6577 3251
3726 6196
4744 1027
3255 6276
3939 3414
6945 5045
6192 2575
7736 9826
6732 152
5167 9403
5751 2673
8190 5250
1507 7308
6635 792
8303 2189
2682 4879
6519 7487
1074 2341
8514 4330
8618 2452
7744 6641
8577 5015
9216 6312
5919 7027
7543 1085
6429 3294
4837 5697
9623 7424
3004 6257
8216 2386
9525 1976
7265 6044
9463 9419
9464 7976
4827 8081
1507 3649
5801 1162
9743 6095
7474 5661
3121 5016
7825 9551
9389 2662
6326 89
85 9331
6347 9380
2795 5871
1355 59
2993 817
556 2457
9872 5383
1616 2457
111 7417
3619 9854
3512 2171
5515 7712
8267 4418
7262 8734
7080 3588
8824 8244
3997 5170
7623 6792
2119 56
7930 6192
